1251
563585
193304
808741
585009
479873
350291
895962
822840
746605
174108
858943
710501
513535
303995
14985
91403
364452
147313
165899
988525
445692
119083
4669
8911
377880
531663
571184
601764
607166
166234
663045
450789
352123
57039
607685
783319
802606
519883
301950
875973
726676
955901
925718
539354
142338
462081
235328
862239
209601
779656
843654
996796
999695
611499
392438
266213
297281
840144
23743
375866
92624
677206
56215
8789
918790
275887
272897
587909
691183
837611
726493
484939
205359
743736
468459
457961
949156
744438
108280
