999875
999750
999625
999500
999375
999250
999125
999000
998875
998750
998625
998500
998375
998250
998125
998000
997875
997750
997625
997500
997375
997250
997125
997000
996875
996750
996625
996500
996375
996250
996125
996000
995875
995750
995625
995500
995375
995250
995125
995000
994875
994750
994625
994500
994375
994250
994125
994000
993875
993750
993625
993500
993375
993250
993125
993000
992875
992750
992625
992500
992375
992250
992125
992000
991875
991750
991625
991500
991375
991250
991125
991000
990875
990750
990625
990500
990375
990250
990125
990000
989875
989750
989625
989500
989375
989250
989125
989000
988875
988750
988625
988500
988375
988250
988125
988000
987875
987750
987625
987500
987375
987250
987125
987000
986875
986750
986625
986500
986375
986250
986125
986000
985875
985750
985625
985500
985375
985250
985125
985000
984875
984750
984625
984500
984375
984250
984125
984000
983875
983750
983625
983500
983375
983250
983125
983000
982875
982750
982625
982500
982375
982250
982125
982000
981875
981750
981625
981500
981375
981250
981125
981000
980875
980750
980625
980500
980375
980250
980125
980000
979875
979750
979625
979500
979375
979250
979125
979000
978875
978750
978625
978500
978375
978250
978125
978000
977875
977750
977625
977500
977375
977250
977125
977000
976875
976750
976625
976500
976375
976250
976125
976000
975875
975750
975625
975500
975375
975250
975125
975000
974875
974750
974625
974500
974375
974250
974125
974000
973875
973750
973625
973500
973375
973250
973125
973000
972875
972750
972625
972500
972375
972250
972125
972000
971875
971750
971625
971500
971375
971250
971125
971000
970875
970750
970625
970500
970375
970250
970125
970000
969875
969750
969625
969500
969375
969250
969125
969000
968875
968750
968625
968500
968375
968250
968125
968000
967875
967750
967625
967500
967375
967250
967125
967000
966875
966750
966625
966500
966375
966250
966125
966000
965875
965750
965625
965500
965375
965250
965125
965000
964875
964750
964625
964500
964375
964250
964125
964000
963875
963750
963625
963500
963375
963250
963125
963000
962875
962750
962625
962500
962375
962250
962125
962000
961875
961750
961625
961500
961375
961250
961125
961000
960875
960750
960625
960500
960375
960250
960125
960000
959875
959750
959625
959500
959375
959250
959125
959000
958875
958750
958625
958500
958375
958250
958125
958000
957875
957750
957625
957500
957375
957250
957125
957000
956875
956750
956625
956500
956375
956250
956125
956000
955875
955750
955625
955500
955375
955250
955125
955000
954875
954750
954625
954500
954375
954250
954125
954000
953875
953750
953625
953500
953375
953250
953125
953000
952875
952750
952625
952500
952375
952250
952125
952000
951875
951750
951625
951500
951375
951250
951125
951000
950875
950750
950625
950500
950375
950250
950125
950000
949875
949750
949625
949500
949375
949250
949125
949000
948875
948750
948625
948500
948375
948250
948125
948000
947875
947750
947625
947500
947375
947250
947125
947000
946875
946750
946625
946500
946375
946250
946125
946000
945875
945750
945625
945500
945375
945250
945125
945000
944875
944750
944625
944500
944375
944250
944125
944000
943875
943750
943625
943500
943375
943250
943125
943000
942875
942750
942625
942500
942375
942250
942125
942000
941875
941750
941625
941500
941375
941250
941125
941000
940875
940750
940625
940500
940375
940250
940125
940000
939875
939750
939625
939500
939375
939250
939125
939000
938875
938750
938625
938500
938375
938250
938125
938000
937875
937750
937625
937500
937375
937250
937125
937000
936875
936750
936625
936500
936375
936250
936125
936000
935875
935750
935625
935500
935375
935250
935125
935000
934875
934750
934625
934500
934375
934250
934125
934000
933875
933750
933625
933500
933375
933250
933125
933000
932875
932750
932625
932500
932375
932250
932125
932000
931875
931750
931625
931500
931375
931250
931125
931000
930875
930750
930625
930500
930375
930250
930125
930000
929875
929750
929625
929500
929375
929250
929125
929000
928875
928750
928625
928500
928375
928250
928125
928000
927875
927750
927625
927500
927375
927250
927125
927000
926875
926750
926625
926500
926375
926250
926125
926000
925875
925750
925625
925500
925375
925250
925125
925000
924875
924750
924625
924500
924375
924250
924125
924000
923875
923750
923625
923500
923375
923250
923125
923000
922875
922750
922625
922500
922375
922250
922125
922000
921875
921750
921625
921500
921375
921250
921125
921000
920875
920750
920625
920500
920375
920250
920125
920000
919875
919750
919625
919500
919375
919250
919125
919000
918875
918750
918625
918500
918375
918250
918125
918000
917875
917750
917625
917500
917375
917250
917125
917000
916875
916750
916625
916500
916375
916250
916125
916000
915875
915750
915625
915500
915375
915250
915125
915000
914875
914750
914625
914500
914375
914250
914125
914000
913875
913750
913625
913500
913375
913250
913125
913000
912875
912750
912625
912500
912375
912250
912125
912000
911875
911750
911625
911500
911375
911250
911125
911000
910875
910750
910625
910500
910375
910250
910125
910000
909875
909750
909625
909500
909375
909250
909125
909000
908875
908750
908625
908500
908375
908250
908125
908000
907875
907750
907625
907500
907375
907250
907125
907000
906875
906750
906625
906500
906375
906250
906125
906000
905875
905750
905625
905500
905375
905250
905125
905000
904875
904750
904625
904500
904375
904250
904125
904000
903875
903750
903625
903500
903375
903250
903125
903000
902875
902750
902625
902500
902375
902250
902125
902000
901875
901750
901625
901500
901375
901250
901125
901000
900875
900750
900625
900500
900375
900250
900125
900000
899875
899750
899625
899500
899375
899250
899125
899000
898875
898750
898625
898500
898375
898250
898125
898000
897875
897750
897625
897500
897375
897250
897125
897000
896875
896750
896625
896500
896375
896250
896125
896000
895875
895750
895625
895500
895375
895250
895125
895000
894875
894750
894625
894500
894375
894250
894125
894000
893875
893750
893625
893500
893375
893250
893125
893000
892875
892750
892625
892500
892375
892250
892125
892000
891875
891750
891625
891500
891375
891250
891125
891000
890875
890750
890625
890500
890375
890250
890125
890000
889875
889750
889625
889500
889375
889250
889125
889000
888875
888750
888625
888500
888375
888250
888125
888000
887875
887750
887625
887500
887375
887250
887125
887000
886875
886750
886625
886500
886375
886250
886125
886000
885875
885750
885625
885500
885375
885250
885125
885000
884875
884750
884625
884500
884375
884250
884125
884000
883875
883750
883625
883500
883375
883250
883125
883000
882875
882750
882625
882500
882375
882250
882125
882000
881875
881750
881625
881500
881375
881250
881125
881000
880875
880750
880625
880500
880375
880250
880125
880000
879875
879750
879625
879500
879375
879250
879125
879000
878875
878750
878625
878500
878375
878250
878125
878000
877875
877750
877625
877500
877375
877250
877125
877000
876875
876750
876625
876500
876375
876250
876125
876000
875875
875750
875625
875500
875375
875250
875125
875000
874875
874750
874625
874500
874375
874250
874125
874000
873875
873750
873625
873500
873375
873250
873125
873000
872875
872750
872625
872500
872375
872250
872125
872000
871875
871750
871625
871500
871375
871250
871125
871000
870875
870750
870625
870500
870375
870250
870125
870000
869875
869750
869625
869500
869375
869250
869125
869000
868875
868750
868625
868500
868375
868250
868125
868000
867875
867750
867625
867500
867375
867250
867125
867000
866875
866750
866625
866500
866375
866250
866125
866000
865875
865750
865625
865500
865375
865250
865125
865000
864875
864750
864625
864500
864375
864250
864125
864000
863875
863750
863625
863500
863375
863250
863125
863000
862875
862750
862625
862500
862375
862250
862125
862000
861875
861750
861625
861500
861375
861250
861125
861000
860875
860750
860625
860500
860375
860250
860125
860000
859875
859750
859625
859500
859375
859250
859125
859000
858875
858750
858625
858500
858375
858250
858125
858000
857875
857750
857625
857500
857375
857250
857125
857000
856875
856750
856625
856500
856375
856250
856125
856000
855875
855750
855625
855500
855375
855250
855125
855000
854875
854750
854625
854500
854375
854250
854125
854000
853875
853750
853625
853500
853375
853250
853125
853000
852875
852750
852625
852500
852375
852250
852125
852000
851875
851750
851625
851500
851375
851250
851125
851000
850875
850750
850625
850500
850375
850250
850125
850000
849875
849750
849625
849500
849375
849250
849125
849000
848875
848750
848625
848500
848375
848250
848125
848000
847875
847750
847625
847500
847375
847250
847125
847000
846875
846750
846625
846500
846375
846250
846125
846000
845875
845750
845625
845500
845375
845250
845125
845000
844875
844750
844625
844500
844375
844250
844125
844000
843875
843750
843625
843500
843375
843250
843125
843000
842875
842750
842625
842500
842375
842250
842125
842000
841875
841750
841625
841500
841375
841250
841125
841000
840875
840750
840625
840500
840375
840250
840125
840000
839875
839750
839625
839500
839375
839250
839125
839000
838875
838750
838625
838500
838375
838250
838125
838000
837875
837750
837625
837500
837375
837250
837125
837000
836875
836750
836625
836500
836375
836250
836125
836000
835875
835750
835625
835500
835375
835250
835125
835000
834875
834750
834625
834500
834375
834250
834125
834000
833875
833750
833625
833500
833375
833250
833125
833000
832875
832750
832625
832500
832375
832250
832125
832000
831875
831750
831625
831500
831375
831250
831125
831000
830875
830750
830625
830500
830375
830250
830125
830000
829875
829750
829625
829500
829375
829250
829125
829000
828875
828750
828625
828500
828375
828250
828125
828000
827875
827750
827625
827500
827375
827250
827125
827000
826875
826750
826625
826500
826375
826250
826125
826000
825875
825750
825625
825500
825375
825250
825125
825000
824875
824750
824625
824500
824375
824250
824125
824000
823875
823750
823625
823500
823375
823250
823125
823000
822875
822750
822625
822500
822375
822250
822125
822000
821875
821750
821625
821500
821375
821250
821125
821000
820875
820750
820625
820500
820375
820250
820125
820000
819875
819750
819625
819500
819375
819250
819125
819000
818875
818750
818625
818500
818375
818250
818125
818000
817875
817750
817625
817500
817375
817250
817125
817000
816875
816750
816625
816500
816375
816250
816125
816000
815875
815750
815625
815500
815375
815250
815125
815000
814875
814750
814625
814500
814375
814250
814125
814000
813875
813750
813625
813500
813375
813250
813125
813000
812875
812750
812625
812500
812375
812250
812125
812000
811875
811750
811625
811500
811375
811250
811125
811000
810875
810750
810625
810500
810375
810250
810125
810000
809875
809750
809625
809500
809375
809250
809125
809000
808875
808750
808625
808500
808375
808250
808125
808000
807875
807750
807625
807500
807375
807250
807125
807000
806875
806750
806625
806500
806375
806250
806125
806000
805875
805750
805625
805500
805375
805250
805125
805000
804875
804750
804625
804500
804375
804250
804125
804000
803875
803750
803625
803500
803375
803250
803125
803000
802875
802750
802625
802500
802375
802250
802125
802000
801875
801750
801625
801500
801375
801250
801125
801000
800875
800750
800625
800500
800375
800250
800125
800000
799875
799750
799625
799500
799375
799250
799125
799000
798875
798750
798625
798500
798375
798250
798125
798000
797875
797750
797625
797500
797375
797250
797125
797000
796875
796750
796625
796500
796375
796250
796125
796000
795875
795750
795625
795500
795375
795250
795125
795000
794875
794750
794625
794500
794375
794250
794125
794000
793875
793750
793625
793500
793375
793250
793125
793000
792875
792750
792625
792500
792375
792250
792125
792000
791875
791750
791625
791500
791375
791250
791125
791000
790875
790750
790625
790500
790375
790250
790125
790000
789875
789750
789625
789500
789375
789250
789125
789000
788875
788750
788625
788500
788375
788250
788125
788000
787875
787750
787625
787500
787375
787250
787125
787000
786875
786750
786625
786500
786375
786250
786125
786000
785875
785750
785625
785500
785375
785250
785125
785000
784875
784750
784625
784500
784375
784250
784125
784000
783875
783750
783625
783500
783375
783250
783125
783000
782875
782750
782625
782500
782375
782250
782125
782000
781875
781750
781625
781500
781375
781250
781125
781000
780875
780750
780625
780500
780375
780250
780125
780000
779875
779750
779625
779500
779375
779250
779125
779000
778875
778750
778625
778500
778375
778250
778125
778000
777875
777750
777625
777500
777375
777250
777125
777000
776875
776750
776625
776500
776375
776250
776125
776000
775875
775750
775625
775500
775375
775250
775125
775000
774875
774750
774625
774500
774375
774250
774125
774000
773875
773750
773625
773500
773375
773250
773125
773000
772875
772750
772625
772500
772375
772250
772125
772000
771875
771750
771625
771500
771375
771250
771125
771000
770875
770750
770625
770500
770375
770250
770125
770000
769875
769750
769625
769500
769375
769250
769125
769000
768875
768750
768625
768500
768375
768250
768125
768000
767875
767750
767625
767500
767375
767250
767125
767000
766875
766750
766625
766500
766375
766250
766125
766000
765875
765750
765625
765500
765375
765250
765125
765000
764875
764750
764625
764500
764375
764250
764125
764000
763875
763750
763625
763500
763375
763250
763125
763000
762875
762750
762625
762500
762375
762250
762125
762000
761875
761750
761625
761500
761375
761250
761125
761000
760875
760750
760625
760500
760375
760250
760125
760000
759875
759750
759625
759500
759375
759250
759125
759000
758875
758750
758625
758500
758375
758250
758125
758000
757875
757750
757625
757500
757375
757250
757125
757000
756875
756750
756625
756500
756375
756250
756125
756000
755875
755750
755625
755500
755375
755250
755125
755000
754875
754750
754625
754500
754375
754250
754125
754000
753875
753750
753625
753500
753375
753250
753125
753000
752875
752750
752625
752500
752375
752250
752125
752000
751875
751750
751625
751500
751375
751250
751125
751000
750875
750750
750625
750500
750375
750250
750125
750000
749875
749750
749625
749500
749375
749250
749125
749000
748875
748750
748625
748500
748375
748250
748125
748000
747875
747750
747625
747500
747375
747250
747125
747000
746875
746750
746625
746500
746375
746250
746125
746000
745875
745750
745625
745500
745375
745250
745125
745000
744875
744750
744625
744500
744375
744250
744125
744000
743875
743750
743625
743500
743375
743250
743125
743000
742875
742750
742625
742500
742375
742250
742125
742000
741875
741750
741625
741500
741375
741250
741125
741000
740875
740750
740625
740500
740375
740250
740125
740000
739875
739750
739625
739500
739375
739250
739125
739000
738875
738750
738625
738500
738375
738250
738125
738000
737875
737750
737625
737500
737375
737250
737125
737000
736875
736750
736625
736500
736375
736250
736125
736000
735875
735750
735625
735500
735375
735250
735125
735000
734875
734750
734625
734500
734375
734250
734125
734000
733875
733750
733625
733500
733375
733250
733125
733000
732875
732750
732625
732500
732375
732250
732125
732000
731875
731750
731625
731500
731375
731250
731125
731000
730875
730750
730625
730500
730375
730250
730125
730000
729875
729750
729625
729500
729375
729250
729125
729000
728875
728750
728625
728500
728375
728250
728125
728000
727875
727750
727625
727500
727375
727250
727125
727000
726875
726750
726625
726500
726375
726250
726125
726000
725875
725750
725625
725500
725375
725250
725125
725000
724875
724750
724625
724500
724375
724250
724125
724000
723875
723750
723625
723500
723375
723250
723125
723000
722875
722750
722625
722500
722375
722250
722125
722000
721875
721750
721625
721500
721375
721250
721125
721000
720875
720750
720625
720500
720375
720250
720125
720000
719875
719750
719625
719500
719375
719250
719125
719000
718875
718750
718625
718500
718375
718250
718125
718000
717875
717750
717625
717500
717375
717250
717125
717000
716875
716750
716625
716500
716375
716250
716125
716000
715875
715750
715625
715500
715375
715250
715125
715000
714875
714750
714625
714500
714375
714250
714125
714000
713875
713750
713625
713500
713375
713250
713125
713000
712875
712750
712625
712500
712375
712250
712125
712000
711875
711750
711625
711500
711375
711250
711125
711000
710875
710750
710625
710500
710375
710250
710125
710000
709875
709750
709625
709500
709375
709250
709125
709000
708875
708750
708625
708500
708375
708250
708125
708000
707875
707750
707625
707500
707375
707250
707125
707000
706875
706750
706625
706500
706375
706250
706125
706000
705875
705750
705625
705500
705375
705250
705125
705000
704875
704750
704625
704500
704375
704250
704125
704000
703875
703750
703625
703500
703375
703250
703125
703000
702875
702750
702625
702500
702375
702250
702125
702000
701875
701750
701625
701500
701375
701250
701125
701000
700875
700750
700625
700500
700375
700250
700125
700000
699875
699750
699625
699500
699375
699250
699125
699000
698875
698750
698625
698500
698375
698250
698125
698000
697875
697750
697625
697500
697375
697250
697125
697000
696875
696750
696625
696500
696375
696250
696125
696000
695875
695750
695625
695500
695375
695250
695125
695000
694875
694750
694625
694500
694375
694250
694125
694000
693875
693750
693625
693500
693375
693250
693125
693000
692875
692750
692625
692500
692375
692250
692125
692000
691875
691750
691625
691500
691375
691250
691125
691000
690875
690750
690625
690500
690375
690250
690125
690000
689875
689750
689625
689500
689375
689250
689125
689000
688875
688750
688625
688500
688375
688250
688125
688000
687875
687750
687625
687500
687375
687250
687125
687000
686875
686750
686625
686500
686375
686250
686125
686000
685875
685750
685625
685500
685375
685250
685125
685000
684875
684750
684625
684500
684375
684250
684125
684000
683875
683750
683625
683500
683375
683250
683125
683000
682875
682750
682625
682500
682375
682250
682125
682000
681875
681750
681625
681500
681375
681250
681125
681000
680875
680750
680625
680500
680375
680250
680125
680000
679875
679750
679625
679500
679375
679250
679125
679000
678875
678750
678625
678500
678375
678250
678125
678000
677875
677750
677625
677500
677375
677250
677125
677000
676875
676750
676625
676500
676375
676250
676125
676000
675875
675750
675625
675500
675375
675250
675125
675000
674875
674750
674625
674500
674375
674250
674125
674000
673875
673750
673625
673500
673375
673250
673125
673000
672875
672750
672625
672500
672375
672250
672125
672000
671875
671750
671625
671500
671375
671250
671125
671000
670875
670750
670625
670500
670375
670250
670125
670000
669875
669750
669625
669500
669375
669250
669125
669000
668875
668750
668625
668500
668375
668250
668125
668000
667875
667750
667625
667500
667375
667250
667125
667000
666875
666750
666625
666500
666375
666250
666125
666000
665875
665750
665625
665500
665375
665250
665125
665000
664875
664750
664625
664500
664375
664250
664125
664000
663875
663750
663625
663500
663375
663250
663125
663000
662875
662750
662625
662500
662375
662250
662125
662000
661875
661750
661625
661500
661375
661250
661125
661000
660875
660750
660625
660500
660375
660250
660125
660000
659875
659750
659625
659500
659375
659250
659125
659000
658875
658750
658625
658500
658375
658250
658125
658000
657875
657750
657625
657500
657375
657250
657125
657000
656875
656750
656625
656500
656375
656250
656125
656000
655875
655750
655625
655500
655375
655250
655125
655000
654875
654750
654625
654500
654375
654250
654125
654000
653875
653750
653625
653500
653375
653250
653125
653000
652875
652750
652625
652500
652375
652250
652125
652000
651875
651750
651625
651500
651375
651250
651125
651000
650875
650750
650625
650500
650375
650250
650125
650000
649875
649750
649625
649500
649375
649250
649125
649000
648875
648750
648625
648500
648375
648250
648125
648000
647875
647750
647625
647500
647375
647250
647125
647000
646875
646750
646625
646500
646375
646250
646125
646000
645875
645750
645625
645500
645375
645250
645125
645000
644875
644750
644625
644500
644375
644250
644125
644000
643875
643750
643625
643500
643375
643250
643125
643000
642875
642750
642625
642500
642375
642250
642125
642000
641875
641750
641625
641500
641375
641250
641125
641000
640875
640750
640625
640500
640375
640250
640125
640000
639875
639750
639625
639500
639375
639250
639125
639000
638875
638750
638625
638500
638375
638250
638125
638000
637875
637750
637625
637500
637375
637250
637125
637000
636875
636750
636625
636500
636375
636250
636125
636000
635875
635750
635625
635500
635375
635250
635125
635000
634875
634750
634625
634500
634375
634250
634125
634000
633875
633750
633625
633500
633375
633250
633125
633000
632875
632750
632625
632500
632375
632250
632125
632000
631875
631750
631625
631500
631375
631250
631125
631000
630875
630750
630625
630500
630375
630250
630125
630000
629875
629750
629625
629500
629375
629250
629125
629000
628875
628750
628625
628500
628375
628250
628125
628000
627875
627750
627625
627500
627375
627250
627125
627000
626875
626750
626625
626500
626375
626250
626125
626000
625875
625750
625625
625500
625375
625250
625125
625000
624875
624750
624625
624500
624375
624250
624125
624000
623875
623750
623625
623500
623375
623250
623125
623000
622875
622750
622625
622500
622375
622250
622125
622000
621875
621750
621625
621500
621375
621250
621125
621000
620875
620750
620625
620500
620375
620250
620125
620000
619875
619750
619625
619500
619375
619250
619125
619000
618875
618750
618625
618500
618375
618250
618125
618000
617875
617750
617625
617500
617375
617250
617125
617000
616875
616750
616625
616500
616375
616250
616125
616000
615875
615750
615625
615500
615375
615250
615125
615000
614875
614750
614625
614500
614375
614250
614125
614000
613875
613750
613625
613500
613375
613250
613125
613000
612875
612750
612625
612500
612375
612250
612125
612000
611875
611750
611625
611500
611375
611250
611125
611000
610875
610750
610625
610500
610375
610250
610125
610000
609875
609750
609625
609500
609375
609250
609125
609000
608875
608750
608625
608500
608375
608250
608125
608000
607875
607750
607625
607500
607375
607250
607125
607000
606875
606750
606625
606500
606375
606250
606125
606000
605875
605750
605625
605500
605375
605250
605125
605000
604875
604750
604625
604500
604375
604250
604125
604000
603875
603750
603625
603500
603375
603250
603125
603000
602875
602750
602625
602500
602375
602250
602125
602000
601875
601750
601625
601500
601375
601250
601125
601000
600875
600750
600625
600500
600375
600250
600125
600000
599875
599750
599625
599500
599375
599250
599125
599000
598875
598750
598625
598500
598375
598250
598125
598000
597875
597750
597625
597500
597375
597250
597125
597000
596875
596750
596625
596500
596375
596250
596125
596000
595875
595750
595625
595500
595375
595250
595125
595000
594875
594750
594625
594500
594375
594250
594125
594000
593875
593750
593625
593500
593375
593250
593125
593000
592875
592750
592625
592500
592375
592250
592125
592000
591875
591750
591625
591500
591375
591250
591125
591000
590875
590750
590625
590500
590375
590250
590125
590000
589875
589750
589625
589500
589375
589250
589125
589000
588875
588750
588625
588500
588375
588250
588125
588000
587875
587750
587625
587500
587375
587250
587125
587000
586875
586750
586625
586500
586375
586250
586125
586000
585875
585750
585625
585500
585375
585250
585125
585000
584875
584750
584625
584500
584375
584250
584125
584000
583875
583750
583625
583500
583375
583250
583125
583000
582875
582750
582625
582500
582375
582250
582125
582000
581875
581750
581625
581500
581375
581250
581125
581000
580875
580750
580625
580500
580375
580250
580125
580000
579875
579750
579625
579500
579375
579250
579125
579000
578875
578750
578625
578500
578375
578250
578125
578000
577875
577750
577625
577500
577375
577250
577125
577000
576875
576750
576625
576500
576375
576250
576125
576000
575875
575750
575625
575500
575375
575250
575125
575000
574875
574750
574625
574500
574375
574250
574125
574000
573875
573750
573625
573500
573375
573250
573125
573000
572875
572750
572625
572500
572375
572250
572125
572000
571875
571750
571625
571500
571375
571250
571125
571000
570875
570750
570625
570500
570375
570250
570125
570000
569875
569750
569625
569500
569375
569250
569125
569000
568875
568750
568625
568500
568375
568250
568125
568000
567875
567750
567625
567500
567375
567250
567125
567000
566875
566750
566625
566500
566375
566250
566125
566000
565875
565750
565625
565500
565375
565250
565125
565000
564875
564750
564625
564500
564375
564250
564125
564000
563875
563750
563625
563500
563375
563250
563125
563000
562875
562750
562625
562500
562375
562250
562125
562000
561875
561750
561625
561500
561375
561250
561125
561000
560875
560750
560625
560500
560375
560250
560125
560000
559875
559750
559625
559500
559375
559250
559125
559000
558875
558750
558625
558500
558375
558250
558125
558000
557875
557750
557625
557500
557375
557250
557125
557000
556875
556750
556625
556500
556375
556250
556125
556000
555875
555750
555625
555500
555375
555250
555125
555000
554875
554750
554625
554500
554375
554250
554125
554000
553875
553750
553625
553500
553375
553250
553125
553000
552875
552750
552625
552500
552375
552250
552125
552000
551875
551750
551625
551500
551375
551250
551125
551000
550875
550750
550625
550500
550375
550250
550125
550000
549875
549750
549625
549500
549375
549250
549125
549000
548875
548750
548625
548500
548375
548250
548125
548000
547875
547750
547625
547500
547375
547250
547125
547000
546875
546750
546625
546500
546375
546250
546125
546000
545875
545750
545625
545500
545375
545250
545125
545000
544875
544750
544625
544500
544375
544250
544125
544000
543875
543750
543625
543500
543375
543250
543125
543000
542875
542750
542625
542500
542375
542250
542125
542000
541875
541750
541625
541500
541375
541250
541125
541000
540875
540750
540625
540500
540375
540250
540125
540000
539875
539750
539625
539500
539375
539250
539125
539000
538875
538750
538625
538500
538375
538250
538125
538000
537875
537750
537625
537500
537375
537250
537125
537000
536875
536750
536625
536500
536375
536250
536125
536000
535875
535750
535625
535500
535375
535250
535125
535000
534875
534750
534625
534500
534375
534250
534125
534000
533875
533750
533625
533500
533375
533250
533125
533000
532875
532750
532625
532500
532375
532250
532125
532000
531875
531750
531625
531500
531375
531250
531125
531000
530875
530750
530625
530500
530375
530250
530125
530000
529875
529750
529625
529500
529375
529250
529125
529000
528875
528750
528625
528500
528375
528250
528125
528000
527875
527750
527625
527500
527375
527250
527125
527000
526875
526750
526625
526500
526375
526250
526125
526000
525875
525750
525625
525500
525375
525250
525125
525000
524875
524750
524625
524500
524375
524250
524125
524000
523875
523750
523625
523500
523375
523250
523125
523000
522875
522750
522625
522500
522375
522250
522125
522000
521875
521750
521625
521500
521375
521250
521125
521000
520875
520750
520625
520500
520375
520250
520125
520000
519875
519750
519625
519500
519375
519250
519125
519000
518875
518750
518625
518500
518375
518250
518125
518000
517875
517750
517625
517500
517375
517250
517125
517000
516875
516750
516625
516500
516375
516250
516125
516000
515875
515750
515625
515500
515375
515250
515125
515000
514875
514750
514625
514500
514375
514250
514125
514000
513875
513750
513625
513500
513375
513250
513125
513000
512875
512750
512625
512500
512375
512250
512125
512000
511875
511750
511625
511500
511375
511250
511125
511000
510875
510750
510625
510500
510375
510250
510125
510000
509875
509750
509625
509500
509375
509250
509125
509000
508875
508750
508625
508500
508375
508250
508125
508000
507875
507750
507625
507500
507375
507250
507125
507000
506875
506750
506625
506500
506375
506250
506125
506000
505875
505750
505625
505500
505375
505250
505125
505000
504875
504750
504625
504500
504375
504250
504125
504000
503875
503750
503625
503500
503375
503250
503125
503000
502875
502750
502625
502500
502375
502250
502125
502000
501875
501750
501625
501500
501375
501250
501125
501000
500875
500750
500625
500500
500375
500250
500125
500000
499875
499750
499625
499500
499375
499250
499125
499000
498875
498750
498625
498500
498375
498250
498125
498000
497875
497750
497625
497500
497375
497250
497125
497000
496875
496750
496625
496500
496375
496250
496125
496000
495875
495750
495625
495500
495375
495250
495125
495000
494875
494750
494625
494500
494375
494250
494125
494000
493875
493750
493625
493500
493375
493250
493125
493000
492875
492750
492625
492500
492375
492250
492125
492000
491875
491750
491625
491500
491375
491250
491125
491000
490875
490750
490625
490500
490375
490250
490125
490000
489875
489750
489625
489500
489375
489250
489125
489000
488875
488750
488625
488500
488375
488250
488125
488000
487875
487750
487625
487500
487375
487250
487125
487000
486875
486750
486625
486500
486375
486250
486125
486000
485875
485750
485625
485500
485375
485250
485125
485000
484875
484750
484625
484500
484375
484250
484125
484000
483875
483750
483625
483500
483375
483250
483125
483000
482875
482750
482625
482500
482375
482250
482125
482000
481875
481750
481625
481500
481375
481250
481125
481000
480875
480750
480625
480500
480375
480250
480125
480000
479875
479750
479625
479500
479375
479250
479125
479000
478875
478750
478625
478500
478375
478250
478125
478000
477875
477750
477625
477500
477375
477250
477125
477000
476875
476750
476625
476500
476375
476250
476125
476000
475875
475750
475625
475500
475375
475250
475125
475000
474875
474750
474625
474500
474375
474250
474125
474000
473875
473750
473625
473500
473375
473250
473125
473000
472875
472750
472625
472500
472375
472250
472125
472000
471875
471750
471625
471500
471375
471250
471125
471000
470875
470750
470625
470500
470375
470250
470125
470000
469875
469750
469625
469500
469375
469250
469125
469000
468875
468750
468625
468500
468375
468250
468125
468000
467875
467750
467625
467500
467375
467250
467125
467000
466875
466750
466625
466500
466375
466250
466125
466000
465875
465750
465625
465500
465375
465250
465125
465000
464875
464750
464625
464500
464375
464250
464125
464000
463875
463750
463625
463500
463375
463250
463125
463000
462875
462750
462625
462500
462375
462250
462125
462000
461875
461750
461625
461500
461375
461250
461125
461000
460875
460750
460625
460500
460375
460250
460125
460000
459875
459750
459625
459500
459375
459250
459125
459000
458875
458750
458625
458500
458375
458250
458125
458000
457875
457750
457625
457500
457375
457250
457125
457000
456875
456750
456625
456500
456375
456250
456125
456000
455875
455750
455625
455500
455375
455250
455125
455000
454875
454750
454625
454500
454375
454250
454125
454000
453875
453750
453625
453500
453375
453250
453125
453000
452875
452750
452625
452500
452375
452250
452125
452000
451875
451750
451625
451500
451375
451250
451125
451000
450875
450750
450625
450500
450375
450250
450125
450000
449875
449750
449625
449500
449375
449250
449125
449000
448875
448750
448625
448500
448375
448250
448125
448000
447875
447750
447625
447500
447375
447250
447125
447000
446875
446750
446625
446500
446375
446250
446125
446000
445875
445750
445625
445500
445375
445250
445125
445000
444875
444750
444625
444500
444375
444250
444125
444000
443875
443750
443625
443500
443375
443250
443125
443000
442875
442750
442625
442500
442375
442250
442125
442000
441875
441750
441625
441500
441375
441250
441125
441000
440875
440750
440625
440500
440375
440250
440125
440000
439875
439750
439625
439500
439375
439250
439125
439000
438875
438750
438625
438500
438375
438250
438125
438000
437875
437750
437625
437500
437375
437250
437125
437000
436875
436750
436625
436500
436375
436250
436125
436000
435875
435750
435625
435500
435375
435250
435125
435000
434875
434750
434625
434500
434375
434250
434125
434000
433875
433750
433625
433500
433375
433250
433125
433000
432875
432750
432625
432500
432375
432250
432125
432000
431875
431750
431625
431500
431375
431250
431125
431000
430875
430750
430625
430500
430375
430250
430125
430000
429875
429750
429625
429500
429375
429250
429125
429000
428875
428750
428625
428500
428375
428250
428125
428000
427875
427750
427625
427500
427375
427250
427125
427000
426875
426750
426625
426500
426375
426250
426125
426000
425875
425750
425625
425500
425375
425250
425125
425000
424875
424750
424625
424500
424375
424250
424125
424000
423875
423750
423625
423500
423375
423250
423125
423000
422875
422750
422625
422500
422375
422250
422125
422000
421875
421750
421625
421500
421375
421250
421125
421000
420875
420750
420625
420500
420375
420250
420125
420000
419875
419750
419625
419500
419375
419250
419125
419000
418875
418750
418625
418500
418375
418250
418125
418000
417875
417750
417625
417500
417375
417250
417125
417000
416875
416750
416625
416500
416375
416250
416125
416000
415875
415750
415625
415500
415375
415250
415125
415000
414875
414750
414625
414500
414375
414250
414125
414000
413875
413750
413625
413500
413375
413250
413125
413000
412875
412750
412625
412500
412375
412250
412125
412000
411875
411750
411625
411500
411375
411250
411125
411000
410875
410750
410625
410500
410375
410250
410125
410000
409875
409750
409625
409500
409375
409250
409125
409000
408875
408750
408625
408500
408375
408250
408125
408000
407875
407750
407625
407500
407375
407250
407125
407000
406875
406750
406625
406500
406375
406250
406125
406000
405875
405750
405625
405500
405375
405250
405125
405000
404875
404750
404625
404500
404375
404250
404125
404000
403875
403750
403625
403500
403375
403250
403125
403000
402875
402750
402625
402500
402375
402250
402125
402000
401875
401750
401625
401500
401375
401250
401125
401000
400875
400750
400625
400500
400375
400250
400125
400000
399875
399750
399625
399500
399375
399250
399125
399000
398875
398750
398625
398500
398375
398250
398125
398000
397875
397750
397625
397500
397375
397250
397125
397000
396875
396750
396625
396500
396375
396250
396125
396000
395875
395750
395625
395500
395375
395250
395125
395000
394875
394750
394625
394500
394375
394250
394125
394000
393875
393750
393625
393500
393375
393250
393125
393000
392875
392750
392625
392500
392375
392250
392125
392000
391875
391750
391625
391500
391375
391250
391125
391000
390875
390750
390625
390500
390375
390250
390125
390000
389875
389750
389625
389500
389375
389250
389125
389000
388875
388750
388625
388500
388375
388250
388125
388000
387875
387750
387625
387500
387375
387250
387125
387000
386875
386750
386625
386500
386375
386250
386125
386000
385875
385750
385625
385500
385375
385250
385125
385000
384875
384750
384625
384500
384375
384250
384125
384000
383875
383750
383625
383500
383375
383250
383125
383000
382875
382750
382625
382500
382375
382250
382125
382000
381875
381750
381625
381500
381375
381250
381125
381000
380875
380750
380625
380500
380375
380250
380125
380000
379875
379750
379625
379500
379375
379250
379125
379000
378875
378750
378625
378500
378375
378250
378125
378000
377875
377750
377625
377500
377375
377250
377125
377000
376875
376750
376625
376500
376375
376250
376125
376000
375875
375750
375625
375500
375375
375250
375125
375000
374875
374750
374625
374500
374375
374250
374125
374000
373875
373750
373625
373500
373375
373250
373125
373000
372875
372750
372625
372500
372375
372250
372125
372000
371875
371750
371625
371500
371375
371250
371125
371000
370875
370750
370625
370500
370375
370250
370125
370000
369875
369750
369625
369500
369375
369250
369125
369000
368875
368750
368625
368500
368375
368250
368125
368000
367875
367750
367625
367500
367375
367250
367125
367000
366875
366750
366625
366500
366375
366250
366125
366000
365875
365750
365625
365500
365375
365250
365125
365000
364875
364750
364625
364500
364375
364250
364125
364000
363875
363750
363625
363500
363375
363250
363125
363000
362875
362750
362625
362500
362375
362250
362125
362000
361875
361750
361625
361500
361375
361250
361125
361000
360875
360750
360625
360500
360375
360250
360125
360000
359875
359750
359625
359500
359375
359250
359125
359000
358875
358750
358625
358500
358375
358250
358125
358000
357875
357750
357625
357500
357375
357250
357125
357000
356875
356750
356625
356500
356375
356250
356125
356000
355875
355750
355625
355500
355375
355250
355125
355000
354875
354750
354625
354500
354375
354250
354125
354000
353875
353750
353625
353500
353375
353250
353125
353000
352875
352750
352625
352500
352375
352250
352125
352000
351875
351750
351625
351500
351375
351250
351125
351000
350875
350750
350625
350500
350375
350250
350125
350000
349875
349750
349625
349500
349375
349250
349125
349000
348875
348750
348625
348500
348375
348250
348125
348000
347875
347750
347625
347500
347375
347250
347125
347000
346875
346750
346625
346500
346375
346250
346125
346000
345875
345750
345625
345500
345375
345250
345125
345000
344875
344750
344625
344500
344375
344250
344125
344000
343875
343750
343625
343500
343375
343250
343125
343000
342875
342750
342625
342500
342375
342250
342125
342000
341875
341750
341625
341500
341375
341250
341125
341000
340875
340750
340625
340500
340375
340250
340125
340000
339875
339750
339625
339500
339375
339250
339125
339000
338875
338750
338625
338500
338375
338250
338125
338000
337875
337750
337625
337500
337375
337250
337125
337000
336875
336750
336625
336500
336375
336250
336125
336000
335875
335750
335625
335500
335375
335250
335125
335000
334875
334750
334625
334500
334375
334250
334125
334000
333875
333750
333625
333500
333375
333250
333125
333000
332875
332750
332625
332500
332375
332250
332125
332000
331875
331750
331625
331500
331375
331250
331125
331000
330875
330750
330625
330500
330375
330250
330125
330000
329875
329750
329625
329500
329375
329250
329125
329000
328875
328750
328625
328500
328375
328250
328125
328000
327875
327750
327625
327500
327375
327250
327125
327000
326875
326750
326625
326500
326375
326250
326125
326000
325875
325750
325625
325500
325375
325250
325125
325000
324875
324750
324625
324500
324375
324250
324125
324000
323875
323750
323625
323500
323375
323250
323125
323000
322875
322750
322625
322500
322375
322250
322125
322000
321875
321750
321625
321500
321375
321250
321125
321000
320875
320750
320625
320500
320375
320250
320125
320000
319875
319750
319625
319500
319375
319250
319125
319000
318875
318750
318625
318500
318375
318250
318125
318000
317875
317750
317625
317500
317375
317250
317125
317000
316875
316750
316625
316500
316375
316250
316125
316000
315875
315750
315625
315500
315375
315250
315125
315000
314875
314750
314625
314500
314375
314250
314125
314000
313875
313750
313625
313500
313375
313250
313125
313000
312875
312750
312625
312500
312375
312250
312125
312000
311875
311750
311625
311500
311375
311250
311125
311000
310875
310750
310625
310500
310375
310250
310125
310000
309875
309750
309625
309500
309375
309250
309125
309000
308875
308750
308625
308500
308375
308250
308125
308000
307875
307750
307625
307500
307375
307250
307125
307000
306875
306750
306625
306500
306375
306250
306125
306000
305875
305750
305625
305500
305375
305250
305125
305000
304875
304750
304625
304500
304375
304250
304125
304000
303875
303750
303625
303500
303375
303250
303125
303000
302875
302750
302625
302500
302375
302250
302125
302000
301875
301750
301625
301500
301375
301250
301125
301000
300875
300750
300625
300500
300375
300250
300125
300000
299875
299750
299625
299500
299375
299250
299125
299000
298875
298750
298625
298500
298375
298250
298125
298000
297875
297750
297625
297500
297375
297250
297125
297000
296875
296750
296625
296500
296375
296250
296125
296000
295875
295750
295625
295500
295375
295250
295125
295000
294875
294750
294625
294500
294375
294250
294125
294000
293875
293750
293625
293500
293375
293250
293125
293000
292875
292750
292625
292500
292375
292250
292125
292000
291875
291750
291625
291500
291375
291250
291125
291000
290875
290750
290625
290500
290375
290250
290125
290000
289875
289750
289625
289500
289375
289250
289125
289000
288875
288750
288625
288500
288375
288250
288125
288000
287875
287750
287625
287500
287375
287250
287125
287000
286875
286750
286625
286500
286375
286250
286125
286000
285875
285750
285625
285500
285375
285250
285125
285000
284875
284750
284625
284500
284375
284250
284125
284000
283875
283750
283625
283500
283375
283250
283125
283000
282875
282750
282625
282500
282375
282250
282125
282000
281875
281750
281625
281500
281375
281250
281125
281000
280875
280750
280625
280500
280375
280250
280125
280000
279875
279750
279625
279500
279375
279250
279125
279000
278875
278750
278625
278500
278375
278250
278125
278000
277875
277750
277625
277500
277375
277250
277125
277000
276875
276750
276625
276500
276375
276250
276125
276000
275875
275750
275625
275500
275375
275250
275125
275000
274875
274750
274625
274500
274375
274250
274125
274000
273875
273750
273625
273500
273375
273250
273125
273000
272875
272750
272625
272500
272375
272250
272125
272000
271875
271750
271625
271500
271375
271250
271125
271000
270875
270750
270625
270500
270375
270250
270125
270000
269875
269750
269625
269500
269375
269250
269125
269000
268875
268750
268625
268500
268375
268250
268125
268000
267875
267750
267625
267500
267375
267250
267125
267000
266875
266750
266625
266500
266375
266250
266125
266000
265875
265750
265625
265500
265375
265250
265125
265000
264875
264750
264625
264500
264375
264250
264125
264000
263875
263750
263625
263500
263375
263250
263125
263000
262875
262750
262625
262500
262375
262250
262125
262000
261875
261750
261625
261500
261375
261250
261125
261000
260875
260750
260625
260500
260375
260250
260125
260000
259875
259750
259625
259500
259375
259250
259125
259000
258875
258750
258625
258500
258375
258250
258125
258000
257875
257750
257625
257500
257375
257250
257125
257000
256875
256750
256625
256500
256375
256250
256125
256000
255875
255750
255625
255500
255375
255250
255125
255000
254875
254750
254625
254500
254375
254250
254125
254000
253875
253750
253625
253500
253375
253250
253125
253000
252875
252750
252625
252500
252375
252250
252125
252000
251875
251750
251625
251500
251375
251250
251125
251000
250875
250750
250625
250500
250375
250250
250125
250000
249875
249750
249625
249500
249375
249250
249125
249000
248875
248750
248625
248500
248375
248250
248125
248000
247875
247750
247625
247500
247375
247250
247125
247000
246875
246750
246625
246500
246375
246250
246125
246000
245875
245750
245625
245500
245375
245250
245125
245000
244875
244750
244625
244500
244375
244250
244125
244000
243875
243750
243625
243500
243375
243250
243125
243000
242875
242750
242625
242500
242375
242250
242125
242000
241875
241750
241625
241500
241375
241250
241125
241000
240875
240750
240625
240500
240375
240250
240125
240000
239875
239750
239625
239500
239375
239250
239125
239000
238875
238750
238625
238500
238375
238250
238125
238000
237875
237750
237625
237500
237375
237250
237125
237000
236875
236750
236625
236500
236375
236250
236125
236000
235875
235750
235625
235500
235375
235250
235125
235000
234875
234750
234625
234500
234375
234250
234125
234000
233875
233750
233625
233500
233375
233250
233125
233000
232875
232750
232625
232500
232375
232250
232125
232000
231875
231750
231625
231500
231375
231250
231125
231000
230875
230750
230625
230500
230375
230250
230125
230000
229875
229750
229625
229500
229375
229250
229125
229000
228875
228750
228625
228500
228375
228250
228125
228000
227875
227750
227625
227500
227375
227250
227125
227000
226875
226750
226625
226500
226375
226250
226125
226000
225875
225750
225625
225500
225375
225250
225125
225000
224875
224750
224625
224500
224375
224250
224125
224000
223875
223750
223625
223500
223375
223250
223125
223000
222875
222750
222625
222500
222375
222250
222125
222000
221875
221750
221625
221500
221375
221250
221125
221000
220875
220750
220625
220500
220375
220250
220125
220000
219875
219750
219625
219500
219375
219250
219125
219000
218875
218750
218625
218500
218375
218250
218125
218000
217875
217750
217625
217500
217375
217250
217125
217000
216875
216750
216625
216500
216375
216250
216125
216000
215875
215750
215625
215500
215375
215250
215125
215000
214875
214750
214625
214500
214375
214250
214125
214000
213875
213750
213625
213500
213375
213250
213125
213000
212875
212750
212625
212500
212375
212250
212125
212000
211875
211750
211625
211500
211375
211250
211125
211000
210875
210750
210625
210500
210375
210250
210125
210000
209875
209750
209625
209500
209375
209250
209125
209000
208875
208750
208625
208500
208375
208250
208125
208000
207875
207750
207625
207500
207375
207250
207125
207000
206875
206750
206625
206500
206375
206250
206125
206000
205875
205750
205625
205500
205375
205250
205125
205000
204875
204750
204625
204500
204375
204250
204125
204000
203875
203750
203625
203500
203375
203250
203125
203000
202875
202750
202625
202500
202375
202250
202125
202000
201875
201750
201625
201500
201375
201250
201125
201000
200875
200750
200625
200500
200375
200250
200125
200000
199875
199750
199625
199500
199375
199250
199125
199000
198875
198750
198625
198500
198375
198250
198125
198000
197875
197750
197625
197500
197375
197250
197125
197000
196875
196750
196625
196500
196375
196250
196125
196000
195875
195750
195625
195500
195375
195250
195125
195000
194875
194750
194625
194500
194375
194250
194125
194000
193875
193750
193625
193500
193375
193250
193125
193000
192875
192750
192625
192500
192375
192250
192125
192000
191875
191750
191625
191500
191375
191250
191125
191000
190875
190750
190625
190500
190375
190250
190125
190000
189875
189750
189625
189500
189375
189250
189125
189000
188875
188750
188625
188500
188375
188250
188125
188000
187875
187750
187625
187500
187375
187250
187125
187000
186875
186750
186625
186500
186375
186250
186125
186000
185875
185750
185625
185500
185375
185250
185125
185000
184875
184750
184625
184500
184375
184250
184125
184000
183875
183750
183625
183500
183375
183250
183125
183000
182875
182750
182625
182500
182375
182250
182125
182000
181875
181750
181625
181500
181375
181250
181125
181000
180875
180750
180625
180500
180375
180250
180125
180000
179875
179750
179625
179500
179375
179250
179125
179000
178875
178750
178625
178500
178375
178250
178125
178000
177875
177750
177625
177500
177375
177250
177125
177000
176875
176750
176625
176500
176375
176250
176125
176000
175875
175750
175625
175500
175375
175250
175125
175000
174875
174750
174625
174500
174375
174250
174125
174000
173875
173750
173625
173500
173375
173250
173125
173000
172875
172750
172625
172500
172375
172250
172125
172000
171875
171750
171625
171500
171375
171250
171125
171000
170875
170750
170625
170500
170375
170250
170125
170000
169875
169750
169625
169500
169375
169250
169125
169000
168875
168750
168625
168500
168375
168250
168125
168000
167875
167750
167625
167500
167375
167250
167125
167000
166875
166750
166625
166500
166375
166250
166125
166000
165875
165750
165625
165500
165375
165250
165125
165000
164875
164750
164625
164500
164375
164250
164125
164000
163875
163750
163625
163500
163375
163250
163125
163000
162875
162750
162625
162500
162375
162250
162125
162000
161875
161750
161625
161500
161375
161250
161125
161000
160875
160750
160625
160500
160375
160250
160125
160000
159875
159750
159625
159500
159375
159250
159125
159000
158875
158750
158625
158500
158375
158250
158125
158000
157875
157750
157625
157500
157375
157250
157125
157000
156875
156750
156625
156500
156375
156250
156125
156000
155875
155750
155625
155500
155375
155250
155125
155000
154875
154750
154625
154500
154375
154250
154125
154000
153875
153750
153625
153500
153375
153250
153125
153000
152875
152750
152625
152500
152375
152250
152125
152000
151875
151750
151625
151500
151375
151250
151125
151000
150875
150750
150625
150500
150375
150250
150125
150000
149875
149750
149625
149500
149375
149250
149125
149000
148875
148750
148625
148500
148375
148250
148125
148000
147875
147750
147625
147500
147375
147250
147125
147000
146875
146750
146625
146500
146375
146250
146125
146000
145875
145750
145625
145500
145375
145250
145125
145000
144875
144750
144625
144500
144375
144250
144125
144000
143875
143750
143625
143500
143375
143250
143125
143000
142875
142750
142625
142500
142375
142250
142125
142000
141875
141750
141625
141500
141375
141250
141125
141000
140875
140750
140625
140500
140375
140250
140125
140000
139875
139750
139625
139500
139375
139250
139125
139000
138875
138750
138625
138500
138375
138250
138125
138000
137875
137750
137625
137500
137375
137250
137125
137000
136875
136750
136625
136500
136375
136250
136125
136000
135875
135750
135625
135500
135375
135250
135125
135000
134875
134750
134625
134500
134375
134250
134125
134000
133875
133750
133625
133500
133375
133250
133125
133000
132875
132750
132625
132500
132375
132250
132125
132000
131875
131750
131625
131500
131375
131250
131125
131000
130875
130750
130625
130500
130375
130250
130125
130000
129875
129750
129625
129500
129375
129250
129125
129000
128875
128750
128625
128500
128375
128250
128125
128000
127875
127750
127625
127500
127375
127250
127125
127000
126875
126750
126625
126500
126375
126250
126125
126000
125875
125750
125625
125500
125375
125250
125125
125000
124875
124750
124625
124500
124375
124250
124125
124000
123875
123750
123625
123500
123375
123250
123125
123000
122875
122750
122625
122500
122375
122250
122125
122000
121875
121750
121625
121500
121375
121250
121125
121000
120875
120750
120625
120500
120375
120250
120125
120000
119875
119750
119625
119500
119375
119250
119125
119000
118875
118750
118625
118500
118375
118250
118125
118000
117875
117750
117625
117500
117375
117250
117125
117000
116875
116750
116625
116500
116375
116250
116125
116000
115875
115750
115625
115500
115375
115250
115125
115000
114875
114750
114625
114500
114375
114250
114125
114000
113875
113750
113625
113500
113375
113250
113125
113000
112875
112750
112625
112500
112375
112250
112125
112000
111875
111750
111625
111500
111375
111250
111125
111000
110875
110750
110625
110500
110375
110250
110125
110000
109875
109750
109625
109500
109375
109250
109125
109000
108875
108750
108625
108500
108375
108250
108125
108000
107875
107750
107625
107500
107375
107250
107125
107000
106875
106750
106625
106500
106375
106250
106125
106000
105875
105750
105625
105500
105375
105250
105125
105000
104875
104750
104625
104500
104375
104250
104125
104000
103875
103750
103625
103500
103375
103250
103125
103000
102875
102750
102625
102500
102375
102250
102125
102000
101875
101750
101625
101500
101375
101250
101125
101000
100875
100750
100625
100500
100375
100250
100125
100000
99875
99750
99625
99500
99375
99250
99125
99000
98875
98750
98625
98500
98375
98250
98125
98000
97875
97750
97625
97500
97375
97250
97125
97000
96875
96750
96625
96500
96375
96250
96125
96000
95875
95750
95625
95500
95375
95250
95125
95000
94875
94750
94625
94500
94375
94250
94125
94000
93875
93750
93625
93500
93375
93250
93125
93000
92875
92750
92625
92500
92375
92250
92125
92000
91875
91750
91625
91500
91375
91250
91125
91000
90875
90750
90625
90500
90375
90250
90125
90000
89875
89750
89625
89500
89375
89250
89125
89000
88875
88750
88625
88500
88375
88250
88125
88000
87875
87750
87625
87500
87375
87250
87125
87000
86875
86750
86625
86500
86375
86250
86125
86000
85875
85750
85625
85500
85375
85250
85125
85000
84875
84750
84625
84500
84375
84250
84125
84000
83875
83750
83625
83500
83375
83250
83125
83000
82875
82750
82625
82500
82375
82250
82125
82000
81875
81750
81625
81500
81375
81250
81125
81000
80875
80750
80625
80500
80375
80250
80125
80000
79875
79750
79625
79500
79375
79250
79125
79000
78875
78750
78625
78500
78375
78250
78125
78000
77875
77750
77625
77500
77375
77250
77125
77000
76875
76750
76625
76500
76375
76250
76125
76000
75875
75750
75625
75500
75375
75250
75125
75000
74875
74750
74625
74500
74375
74250
74125
74000
73875
73750
73625
73500
73375
73250
73125
73000
72875
72750
72625
72500
72375
72250
72125
72000
71875
71750
71625
71500
71375
71250
71125
71000
70875
70750
70625
70500
70375
70250
70125
70000
69875
69750
69625
69500
69375
69250
69125
69000
68875
68750
68625
68500
68375
68250
68125
68000
67875
67750
67625
67500
67375
67250
67125
67000
66875
66750
66625
66500
66375
66250
66125
66000
65875
65750
65625
65500
65375
65250
65125
65000
64875
64750
64625
64500
64375
64250
64125
64000
63875
63750
63625
63500
63375
63250
63125
63000
62875
62750
62625
62500
62375
62250
62125
62000
61875
61750
61625
61500
61375
61250
61125
61000
60875
60750
60625
60500
60375
60250
60125
60000
59875
59750
59625
59500
59375
59250
59125
59000
58875
58750
58625
58500
58375
58250
58125
58000
57875
57750
57625
57500
57375
57250
57125
57000
56875
56750
56625
56500
56375
56250
56125
56000
55875
55750
55625
55500
55375
55250
55125
55000
54875
54750
54625
54500
54375
54250
54125
54000
53875
53750
53625
53500
53375
53250
53125
53000
52875
52750
52625
52500
52375
52250
52125
52000
51875
51750
51625
51500
51375
51250
51125
51000
50875
50750
50625
50500
50375
50250
50125
50000
49875
49750
49625
49500
49375
49250
49125
49000
48875
48750
48625
48500
48375
48250
48125
48000
47875
47750
47625
47500
47375
47250
47125
47000
46875
46750
46625
46500
46375
46250
46125
46000
45875
45750
45625
45500
45375
45250
45125
45000
44875
44750
44625
44500
44375
44250
44125
44000
43875
43750
43625
43500
43375
43250
43125
43000
42875
42750
42625
42500
42375
42250
42125
42000
41875
41750
41625
41500
41375
41250
41125
41000
40875
40750
40625
40500
40375
40250
40125
40000
39875
39750
39625
39500
39375
39250
39125
39000
38875
38750
38625
38500
38375
38250
38125
38000
37875
37750
37625
37500
37375
37250
37125
37000
36875
36750
36625
36500
36375
36250
36125
36000
35875
35750
35625
35500
35375
35250
35125
35000
34875
34750
34625
34500
34375
34250
34125
34000
33875
33750
33625
33500
33375
33250
33125
33000
32875
32750
32625
32500
32375
32250
32125
32000
31875
31750
31625
31500
31375
31250
31125
31000
30875
30750
30625
30500
30375
30250
30125
30000
29875
29750
29625
29500
29375
29250
29125
29000
28875
28750
28625
28500
28375
28250
28125
28000
27875
27750
27625
27500
27375
27250
27125
27000
26875
26750
26625
26500
26375
26250
26125
26000
25875
25750
25625
25500
25375
25250
25125
25000
24875
24750
24625
24500
24375
24250
24125
24000
23875
23750
23625
23500
23375
23250
23125
23000
22875
22750
22625
22500
22375
22250
22125
22000
21875
21750
21625
21500
21375
21250
21125
21000
20875
20750
20625
20500
20375
20250
20125
20000
19875
19750
19625
19500
19375
19250
19125
19000
18875
18750
18625
18500
18375
18250
18125
18000
17875
17750
17625
17500
17375
17250
17125
17000
16875
16750
16625
16500
16375
16250
16125
16000
15875
15750
15625
15500
15375
15250
15125
15000
14875
14750
14625
14500
14375
14250
14125
14000
13875
13750
13625
13500
13375
13250
13125
13000
12875
12750
12625
12500
12375
12250
12125
12000
11875
11750
11625
11500
11375
11250
11125
11000
10875
10750
10625
10500
10375
10250
10125
10000
9875
9750
9625
9500
9375
9250
9125
9000
8875
8750
8625
8500
8375
8250
8125
8000
7875
7750
7625
7500
7375
7250
7125
7000
6875
6750
6625
6500
6375
6250
6125
6000
5875
5750
5625
5500
5375
5250
5125
5000
4875
4750
4625
4500
4375
4250
4125
4000
3875
3750
3625
3500
3375
3250
3125
3000
2875
2750
2625
2500
2375
2250
2125
2000
1875
1750
1625
1500
1375
1250
1125
1000
875
750
625
500
375
250
125
0
