0
125
250
375
500
625
750
875
1000
1125
1250
1375
1500
1625
1750
1875
2000
2125
2250
2375
2500
2625
2750
2875
3000
3125
3250
3375
3500
3625
3750
3875
4000
4125
4250
4375
4500
4625
4750
4875
5000
5125
5250
5375
5500
5625
5750
5875
6000
6125
6250
6375
6500
6625
6750
6875
7000
7125
7250
7375
7500
7625
7750
7875
8000
8125
8250
8375
8500
8625
8750
8875
9000
9125
9250
9375
9500
9625
9750
9875
10000
10125
10250
10375
10500
10625
10750
10875
11000
11125
11250
11375
11500
11625
11750
11875
12000
12125
12250
12375
12500
12625
12750
12875
13000
13125
13250
13375
13500
13625
13750
13875
14000
14125
14250
14375
14500
14625
14750
14875
15000
15125
15250
15375
15500
15625
15750
15875
16000
16125
16250
16375
16500
16625
16750
16875
17000
17125
17250
17375
17500
17625
17750
17875
18000
18125
18250
18375
18500
18625
18750
18875
19000
19125
19250
19375
19500
19625
19750
19875
20000
20125
20250
20375
20500
20625
20750
20875
21000
21125
21250
21375
21500
21625
21750
21875
22000
22125
22250
22375
22500
22625
22750
22875
23000
23125
23250
23375
23500
23625
23750
23875
24000
24125
24250
24375
24500
24625
24750
24875
25000
25125
25250
25375
25500
25625
25750
25875
26000
26125
26250
26375
26500
26625
26750
26875
27000
27125
27250
27375
27500
27625
27750
27875
28000
28125
28250
28375
28500
28625
28750
28875
29000
29125
29250
29375
29500
29625
29750
29875
30000
30125
30250
30375
30500
30625
30750
30875
31000
31125
31250
31375
31500
31625
31750
31875
32000
32125
32250
32375
32500
32625
32750
32875
33000
33125
33250
33375
33500
33625
33750
33875
34000
34125
34250
34375
34500
34625
34750
34875
35000
35125
35250
35375
35500
35625
35750
35875
36000
36125
36250
36375
36500
36625
36750
36875
37000
37125
37250
37375
37500
37625
37750
37875
38000
38125
38250
38375
38500
38625
38750
38875
39000
39125
39250
39375
39500
39625
39750
39875
40000
40125
40250
40375
40500
40625
40750
40875
41000
41125
41250
41375
41500
41625
41750
41875
42000
42125
42250
42375
42500
42625
42750
42875
43000
43125
43250
43375
43500
43625
43750
43875
44000
44125
44250
44375
44500
44625
44750
44875
45000
45125
45250
45375
45500
45625
45750
45875
46000
46125
46250
46375
46500
46625
46750
46875
47000
47125
47250
47375
47500
47625
47750
47875
48000
48125
48250
48375
48500
48625
48750
48875
49000
49125
49250
49375
49500
49625
49750
49875
50000
50125
50250
50375
50500
50625
50750
50875
51000
51125
51250
51375
51500
51625
51750
51875
52000
52125
52250
52375
52500
52625
52750
52875
53000
53125
53250
53375
53500
53625
53750
53875
54000
54125
54250
54375
54500
54625
54750
54875
55000
55125
55250
55375
55500
55625
55750
55875
56000
56125
56250
56375
56500
56625
56750
56875
57000
57125
57250
57375
57500
57625
57750
57875
58000
58125
58250
58375
58500
58625
58750
58875
59000
59125
59250
59375
59500
59625
59750
59875
60000
60125
60250
60375
60500
60625
60750
60875
61000
61125
61250
61375
61500
61625
61750
61875
62000
62125
62250
62375
62500
62625
62750
62875
63000
63125
63250
63375
63500
63625
63750
63875
64000
64125
64250
64375
64500
64625
64750
64875
65000
65125
65250
65375
65500
65625
65750
65875
66000
66125
66250
66375
66500
66625
66750
66875
67000
67125
67250
67375
67500
67625
67750
67875
68000
68125
68250
68375
68500
68625
68750
68875
69000
69125
69250
69375
69500
69625
69750
69875
70000
70125
70250
70375
70500
70625
70750
70875
71000
71125
71250
71375
71500
71625
71750
71875
72000
72125
72250
72375
72500
72625
72750
72875
73000
73125
73250
73375
73500
73625
73750
73875
74000
74125
74250
74375
74500
74625
74750
74875
75000
75125
75250
75375
75500
75625
75750
75875
76000
76125
76250
76375
76500
76625
76750
76875
77000
77125
77250
77375
77500
77625
77750
77875
78000
78125
78250
78375
78500
78625
78750
78875
79000
79125
79250
79375
79500
79625
79750
79875
80000
80125
80250
80375
80500
80625
80750
80875
81000
81125
81250
81375
81500
81625
81750
81875
82000
82125
82250
82375
82500
82625
82750
82875
83000
83125
83250
83375
83500
83625
83750
83875
84000
84125
84250
84375
84500
84625
84750
84875
85000
85125
85250
85375
85500
85625
85750
85875
86000
86125
86250
86375
86500
86625
86750
86875
87000
87125
87250
87375
87500
87625
87750
87875
88000
88125
88250
88375
88500
88625
88750
88875
89000
89125
89250
89375
89500
89625
89750
89875
90000
90125
90250
90375
90500
90625
90750
90875
91000
91125
91250
91375
91500
91625
91750
91875
92000
92125
92250
92375
92500
92625
92750
92875
93000
93125
93250
93375
93500
93625
93750
93875
94000
94125
94250
94375
94500
94625
94750
94875
95000
95125
95250
95375
95500
95625
95750
95875
96000
96125
96250
96375
96500
96625
96750
96875
97000
97125
97250
97375
97500
97625
97750
97875
98000
98125
98250
98375
98500
98625
98750
98875
99000
99125
99250
99375
99500
99625
99750
99875
100000
100125
100250
100375
100500
100625
100750
100875
101000
101125
101250
101375
101500
101625
101750
101875
102000
102125
102250
102375
102500
102625
102750
102875
103000
103125
103250
103375
103500
103625
103750
103875
104000
104125
104250
104375
104500
104625
104750
104875
105000
105125
105250
105375
105500
105625
105750
105875
106000
106125
106250
106375
106500
106625
106750
106875
107000
107125
107250
107375
107500
107625
107750
107875
108000
108125
108250
108375
108500
108625
108750
108875
109000
109125
109250
109375
109500
109625
109750
109875
110000
110125
110250
110375
110500
110625
110750
110875
111000
111125
111250
111375
111500
111625
111750
111875
112000
112125
112250
112375
112500
112625
112750
112875
113000
113125
113250
113375
113500
113625
113750
113875
114000
114125
114250
114375
114500
114625
114750
114875
115000
115125
115250
115375
115500
115625
115750
115875
116000
116125
116250
116375
116500
116625
116750
116875
117000
117125
117250
117375
117500
117625
117750
117875
118000
118125
118250
118375
118500
118625
118750
118875
119000
119125
119250
119375
119500
119625
119750
119875
120000
120125
120250
120375
120500
120625
120750
120875
121000
121125
121250
121375
121500
121625
121750
121875
122000
122125
122250
122375
122500
122625
122750
122875
123000
123125
123250
123375
123500
123625
123750
123875
124000
124125
124250
124375
124500
124625
124750
124875
125000
125125
125250
125375
125500
125625
125750
125875
126000
126125
126250
126375
126500
126625
126750
126875
127000
127125
127250
127375
127500
127625
127750
127875
128000
128125
128250
128375
128500
128625
128750
128875
129000
129125
129250
129375
129500
129625
129750
129875
130000
130125
130250
130375
130500
130625
130750
130875
131000
131125
131250
131375
131500
131625
131750
131875
132000
132125
132250
132375
132500
132625
132750
132875
133000
133125
133250
133375
133500
133625
133750
133875
134000
134125
134250
134375
134500
134625
134750
134875
135000
135125
135250
135375
135500
135625
135750
135875
136000
136125
136250
136375
136500
136625
136750
136875
137000
137125
137250
137375
137500
137625
137750
137875
138000
138125
138250
138375
138500
138625
138750
138875
139000
139125
139250
139375
139500
139625
139750
139875
140000
140125
140250
140375
140500
140625
140750
140875
141000
141125
141250
141375
141500
141625
141750
141875
142000
142125
142250
142375
142500
142625
142750
142875
143000
143125
143250
143375
143500
143625
143750
143875
144000
144125
144250
144375
144500
144625
144750
144875
145000
145125
145250
145375
145500
145625
145750
145875
146000
146125
146250
146375
146500
146625
146750
146875
147000
147125
147250
147375
147500
147625
147750
147875
148000
148125
148250
148375
148500
148625
148750
148875
149000
149125
149250
149375
149500
149625
149750
149875
150000
150125
150250
150375
150500
150625
150750
150875
151000
151125
151250
151375
151500
151625
151750
151875
152000
152125
152250
152375
152500
152625
152750
152875
153000
153125
153250
153375
153500
153625
153750
153875
154000
154125
154250
154375
154500
154625
154750
154875
155000
155125
155250
155375
155500
155625
155750
155875
156000
156125
156250
156375
156500
156625
156750
156875
157000
157125
157250
157375
157500
157625
157750
157875
158000
158125
158250
158375
158500
158625
158750
158875
159000
159125
159250
159375
159500
159625
159750
159875
160000
160125
160250
160375
160500
160625
160750
160875
161000
161125
161250
161375
161500
161625
161750
161875
162000
162125
162250
162375
162500
162625
162750
162875
163000
163125
163250
163375
163500
163625
163750
163875
164000
164125
164250
164375
164500
164625
164750
164875
165000
165125
165250
165375
165500
165625
165750
165875
166000
166125
166250
166375
166500
166625
166750
166875
167000
167125
167250
167375
167500
167625
167750
167875
168000
168125
168250
168375
168500
168625
168750
168875
169000
169125
169250
169375
169500
169625
169750
169875
170000
170125
170250
170375
170500
170625
170750
170875
171000
171125
171250
171375
171500
171625
171750
171875
172000
172125
172250
172375
172500
172625
172750
172875
173000
173125
173250
173375
173500
173625
173750
173875
174000
174125
174250
174375
174500
174625
174750
174875
175000
175125
175250
175375
175500
175625
175750
175875
176000
176125
176250
176375
176500
176625
176750
176875
177000
177125
177250
177375
177500
177625
177750
177875
178000
178125
178250
178375
178500
178625
178750
178875
179000
179125
179250
179375
179500
179625
179750
179875
180000
180125
180250
180375
180500
180625
180750
180875
181000
181125
181250
181375
181500
181625
181750
181875
182000
182125
182250
182375
182500
182625
182750
182875
183000
183125
183250
183375
183500
183625
183750
183875
184000
184125
184250
184375
184500
184625
184750
184875
185000
185125
185250
185375
185500
185625
185750
185875
186000
186125
186250
186375
186500
186625
186750
186875
187000
187125
187250
187375
187500
187625
187750
187875
188000
188125
188250
188375
188500
188625
188750
188875
189000
189125
189250
189375
189500
189625
189750
189875
190000
190125
190250
190375
190500
190625
190750
190875
191000
191125
191250
191375
191500
191625
191750
191875
192000
192125
192250
192375
192500
192625
192750
192875
193000
193125
193250
193375
193500
193625
193750
193875
194000
194125
194250
194375
194500
194625
194750
194875
195000
195125
195250
195375
195500
195625
195750
195875
196000
196125
196250
196375
196500
196625
196750
196875
197000
197125
197250
197375
197500
197625
197750
197875
198000
198125
198250
198375
198500
198625
198750
198875
199000
199125
199250
199375
199500
199625
199750
199875
200000
200125
200250
200375
200500
200625
200750
200875
201000
201125
201250
201375
201500
201625
201750
201875
202000
202125
202250
202375
202500
202625
202750
202875
203000
203125
203250
203375
203500
203625
203750
203875
204000
204125
204250
204375
204500
204625
204750
204875
205000
205125
205250
205375
205500
205625
205750
205875
206000
206125
206250
206375
206500
206625
206750
206875
207000
207125
207250
207375
207500
207625
207750
207875
208000
208125
208250
208375
208500
208625
208750
208875
209000
209125
209250
209375
209500
209625
209750
209875
210000
210125
210250
210375
210500
210625
210750
210875
211000
211125
211250
211375
211500
211625
211750
211875
212000
212125
212250
212375
212500
212625
212750
212875
213000
213125
213250
213375
213500
213625
213750
213875
214000
214125
214250
214375
214500
214625
214750
214875
215000
215125
215250
215375
215500
215625
215750
215875
216000
216125
216250
216375
216500
216625
216750
216875
217000
217125
217250
217375
217500
217625
217750
217875
218000
218125
218250
218375
218500
218625
218750
218875
219000
219125
219250
219375
219500
219625
219750
219875
220000
220125
220250
220375
220500
220625
220750
220875
221000
221125
221250
221375
221500
221625
221750
221875
222000
222125
222250
222375
222500
222625
222750
222875
223000
223125
223250
223375
223500
223625
223750
223875
224000
224125
224250
224375
224500
224625
224750
224875
225000
225125
225250
225375
225500
225625
225750
225875
226000
226125
226250
226375
226500
226625
226750
226875
227000
227125
227250
227375
227500
227625
227750
227875
228000
228125
228250
228375
228500
228625
228750
228875
229000
229125
229250
229375
229500
229625
229750
229875
230000
230125
230250
230375
230500
230625
230750
230875
231000
231125
231250
231375
231500
231625
231750
231875
232000
232125
232250
232375
232500
232625
232750
232875
233000
233125
233250
233375
233500
233625
233750
233875
234000
234125
234250
234375
234500
234625
234750
234875
235000
235125
235250
235375
235500
235625
235750
235875
236000
236125
236250
236375
236500
236625
236750
236875
237000
237125
237250
237375
237500
237625
237750
237875
238000
238125
238250
238375
238500
238625
238750
238875
239000
239125
239250
239375
239500
239625
239750
239875
240000
240125
240250
240375
240500
240625
240750
240875
241000
241125
241250
241375
241500
241625
241750
241875
242000
242125
242250
242375
242500
242625
242750
242875
243000
243125
243250
243375
243500
243625
243750
243875
244000
244125
244250
244375
244500
244625
244750
244875
245000
245125
245250
245375
245500
245625
245750
245875
246000
246125
246250
246375
246500
246625
246750
246875
247000
247125
247250
247375
247500
247625
247750
247875
248000
248125
248250
248375
248500
248625
248750
248875
249000
249125
249250
249375
249500
249625
249750
249875
250000
250125
250250
250375
250500
250625
250750
250875
251000
251125
251250
251375
251500
251625
251750
251875
252000
252125
252250
252375
252500
252625
252750
252875
253000
253125
253250
253375
253500
253625
253750
253875
254000
254125
254250
254375
254500
254625
254750
254875
255000
255125
255250
255375
255500
255625
255750
255875
256000
256125
256250
256375
256500
256625
256750
256875
257000
257125
257250
257375
257500
257625
257750
257875
258000
258125
258250
258375
258500
258625
258750
258875
259000
259125
259250
259375
259500
259625
259750
259875
260000
260125
260250
260375
260500
260625
260750
260875
261000
261125
261250
261375
261500
261625
261750
261875
262000
262125
262250
262375
262500
262625
262750
262875
263000
263125
263250
263375
263500
263625
263750
263875
264000
264125
264250
264375
264500
264625
264750
264875
265000
265125
265250
265375
265500
265625
265750
265875
266000
266125
266250
266375
266500
266625
266750
266875
267000
267125
267250
267375
267500
267625
267750
267875
268000
268125
268250
268375
268500
268625
268750
268875
269000
269125
269250
269375
269500
269625
269750
269875
270000
270125
270250
270375
270500
270625
270750
270875
271000
271125
271250
271375
271500
271625
271750
271875
272000
272125
272250
272375
272500
272625
272750
272875
273000
273125
273250
273375
273500
273625
273750
273875
274000
274125
274250
274375
274500
274625
274750
274875
275000
275125
275250
275375
275500
275625
275750
275875
276000
276125
276250
276375
276500
276625
276750
276875
277000
277125
277250
277375
277500
277625
277750
277875
278000
278125
278250
278375
278500
278625
278750
278875
279000
279125
279250
279375
279500
279625
279750
279875
280000
280125
280250
280375
280500
280625
280750
280875
281000
281125
281250
281375
281500
281625
281750
281875
282000
282125
282250
282375
282500
282625
282750
282875
283000
283125
283250
283375
283500
283625
283750
283875
284000
284125
284250
284375
284500
284625
284750
284875
285000
285125
285250
285375
285500
285625
285750
285875
286000
286125
286250
286375
286500
286625
286750
286875
287000
287125
287250
287375
287500
287625
287750
287875
288000
288125
288250
288375
288500
288625
288750
288875
289000
289125
289250
289375
289500
289625
289750
289875
290000
290125
290250
290375
290500
290625
290750
290875
291000
291125
291250
291375
291500
291625
291750
291875
292000
292125
292250
292375
292500
292625
292750
292875
293000
293125
293250
293375
293500
293625
293750
293875
294000
294125
294250
294375
294500
294625
294750
294875
295000
295125
295250
295375
295500
295625
295750
295875
296000
296125
296250
296375
296500
296625
296750
296875
297000
297125
297250
297375
297500
297625
297750
297875
298000
298125
298250
298375
298500
298625
298750
298875
299000
299125
299250
299375
299500
299625
299750
299875
300000
300125
300250
300375
300500
300625
300750
300875
301000
301125
301250
301375
301500
301625
301750
301875
302000
302125
302250
302375
302500
302625
302750
302875
303000
303125
303250
303375
303500
303625
303750
303875
304000
304125
304250
304375
304500
304625
304750
304875
305000
305125
305250
305375
305500
305625
305750
305875
306000
306125
306250
306375
306500
306625
306750
306875
307000
307125
307250
307375
307500
307625
307750
307875
308000
308125
308250
308375
308500
308625
308750
308875
309000
309125
309250
309375
309500
309625
309750
309875
310000
310125
310250
310375
310500
310625
310750
310875
311000
311125
311250
311375
311500
311625
311750
311875
312000
312125
312250
312375
312500
312625
312750
312875
313000
313125
313250
313375
313500
313625
313750
313875
314000
314125
314250
314375
314500
314625
314750
314875
315000
315125
315250
315375
315500
315625
315750
315875
316000
316125
316250
316375
316500
316625
316750
316875
317000
317125
317250
317375
317500
317625
317750
317875
318000
318125
318250
318375
318500
318625
318750
318875
319000
319125
319250
319375
319500
319625
319750
319875
320000
320125
320250
320375
320500
320625
320750
320875
321000
321125
321250
321375
321500
321625
321750
321875
322000
322125
322250
322375
322500
322625
322750
322875
323000
323125
323250
323375
323500
323625
323750
323875
324000
324125
324250
324375
324500
324625
324750
324875
325000
325125
325250
325375
325500
325625
325750
325875
326000
326125
326250
326375
326500
326625
326750
326875
327000
327125
327250
327375
327500
327625
327750
327875
328000
328125
328250
328375
328500
328625
328750
328875
329000
329125
329250
329375
329500
329625
329750
329875
330000
330125
330250
330375
330500
330625
330750
330875
331000
331125
331250
331375
331500
331625
331750
331875
332000
332125
332250
332375
332500
332625
332750
332875
333000
333125
333250
333375
333500
333625
333750
333875
334000
334125
334250
334375
334500
334625
334750
334875
335000
335125
335250
335375
335500
335625
335750
335875
336000
336125
336250
336375
336500
336625
336750
336875
337000
337125
337250
337375
337500
337625
337750
337875
338000
338125
338250
338375
338500
338625
338750
338875
339000
339125
339250
339375
339500
339625
339750
339875
340000
340125
340250
340375
340500
340625
340750
340875
341000
341125
341250
341375
341500
341625
341750
341875
342000
342125
342250
342375
342500
342625
342750
342875
343000
343125
343250
343375
343500
343625
343750
343875
344000
344125
344250
344375
344500
344625
344750
344875
345000
345125
345250
345375
345500
345625
345750
345875
346000
346125
346250
346375
346500
346625
346750
346875
347000
347125
347250
347375
347500
347625
347750
347875
348000
348125
348250
348375
348500
348625
348750
348875
349000
349125
349250
349375
349500
349625
349750
349875
350000
350125
350250
350375
350500
350625
350750
350875
351000
351125
351250
351375
351500
351625
351750
351875
352000
352125
352250
352375
352500
352625
352750
352875
353000
353125
353250
353375
353500
353625
353750
353875
354000
354125
354250
354375
354500
354625
354750
354875
355000
355125
355250
355375
355500
355625
355750
355875
356000
356125
356250
356375
356500
356625
356750
356875
357000
357125
357250
357375
357500
357625
357750
357875
358000
358125
358250
358375
358500
358625
358750
358875
359000
359125
359250
359375
359500
359625
359750
359875
360000
360125
360250
360375
360500
360625
360750
360875
361000
361125
361250
361375
361500
361625
361750
361875
362000
362125
362250
362375
362500
362625
362750
362875
363000
363125
363250
363375
363500
363625
363750
363875
364000
364125
364250
364375
364500
364625
364750
364875
365000
365125
365250
365375
365500
365625
365750
365875
366000
366125
366250
366375
366500
366625
366750
366875
367000
367125
367250
367375
367500
367625
367750
367875
368000
368125
368250
368375
368500
368625
368750
368875
369000
369125
369250
369375
369500
369625
369750
369875
370000
370125
370250
370375
370500
370625
370750
370875
371000
371125
371250
371375
371500
371625
371750
371875
372000
372125
372250
372375
372500
372625
372750
372875
373000
373125
373250
373375
373500
373625
373750
373875
374000
374125
374250
374375
374500
374625
374750
374875
375000
375125
375250
375375
375500
375625
375750
375875
376000
376125
376250
376375
376500
376625
376750
376875
377000
377125
377250
377375
377500
377625
377750
377875
378000
378125
378250
378375
378500
378625
378750
378875
379000
379125
379250
379375
379500
379625
379750
379875
380000
380125
380250
380375
380500
380625
380750
380875
381000
381125
381250
381375
381500
381625
381750
381875
382000
382125
382250
382375
382500
382625
382750
382875
383000
383125
383250
383375
383500
383625
383750
383875
384000
384125
384250
384375
384500
384625
384750
384875
385000
385125
385250
385375
385500
385625
385750
385875
386000
386125
386250
386375
386500
386625
386750
386875
387000
387125
387250
387375
387500
387625
387750
387875
388000
388125
388250
388375
388500
388625
388750
388875
389000
389125
389250
389375
389500
389625
389750
389875
390000
390125
390250
390375
390500
390625
390750
390875
391000
391125
391250
391375
391500
391625
391750
391875
392000
392125
392250
392375
392500
392625
392750
392875
393000
393125
393250
393375
393500
393625
393750
393875
394000
394125
394250
394375
394500
394625
394750
394875
395000
395125
395250
395375
395500
395625
395750
395875
396000
396125
396250
396375
396500
396625
396750
396875
397000
397125
397250
397375
397500
397625
397750
397875
398000
398125
398250
398375
398500
398625
398750
398875
399000
399125
399250
399375
399500
399625
399750
399875
400000
400125
400250
400375
400500
400625
400750
400875
401000
401125
401250
401375
401500
401625
401750
401875
402000
402125
402250
402375
402500
402625
402750
402875
403000
403125
403250
403375
403500
403625
403750
403875
404000
404125
404250
404375
404500
404625
404750
404875
405000
405125
405250
405375
405500
405625
405750
405875
406000
406125
406250
406375
406500
406625
406750
406875
407000
407125
407250
407375
407500
407625
407750
407875
408000
408125
408250
408375
408500
408625
408750
408875
409000
409125
409250
409375
409500
409625
409750
409875
410000
410125
410250
410375
410500
410625
410750
410875
411000
411125
411250
411375
411500
411625
411750
411875
412000
412125
412250
412375
412500
412625
412750
412875
413000
413125
413250
413375
413500
413625
413750
413875
414000
414125
414250
414375
414500
414625
414750
414875
415000
415125
415250
415375
415500
415625
415750
415875
416000
416125
416250
416375
416500
416625
416750
416875
417000
417125
417250
417375
417500
417625
417750
417875
418000
418125
418250
418375
418500
418625
418750
418875
419000
419125
419250
419375
419500
419625
419750
419875
420000
420125
420250
420375
420500
420625
420750
420875
421000
421125
421250
421375
421500
421625
421750
421875
422000
422125
422250
422375
422500
422625
422750
422875
423000
423125
423250
423375
423500
423625
423750
423875
424000
424125
424250
424375
424500
424625
424750
424875
425000
425125
425250
425375
425500
425625
425750
425875
426000
426125
426250
426375
426500
426625
426750
426875
427000
427125
427250
427375
427500
427625
427750
427875
428000
428125
428250
428375
428500
428625
428750
428875
429000
429125
429250
429375
429500
429625
429750
429875
430000
430125
430250
430375
430500
430625
430750
430875
431000
431125
431250
431375
431500
431625
431750
431875
432000
432125
432250
432375
432500
432625
432750
432875
433000
433125
433250
433375
433500
433625
433750
433875
434000
434125
434250
434375
434500
434625
434750
434875
435000
435125
435250
435375
435500
435625
435750
435875
436000
436125
436250
436375
436500
436625
436750
436875
437000
437125
437250
437375
437500
437625
437750
437875
438000
438125
438250
438375
438500
438625
438750
438875
439000
439125
439250
439375
439500
439625
439750
439875
440000
440125
440250
440375
440500
440625
440750
440875
441000
441125
441250
441375
441500
441625
441750
441875
442000
442125
442250
442375
442500
442625
442750
442875
443000
443125
443250
443375
443500
443625
443750
443875
444000
444125
444250
444375
444500
444625
444750
444875
445000
445125
445250
445375
445500
445625
445750
445875
446000
446125
446250
446375
446500
446625
446750
446875
447000
447125
447250
447375
447500
447625
447750
447875
448000
448125
448250
448375
448500
448625
448750
448875
449000
449125
449250
449375
449500
449625
449750
449875
450000
450125
450250
450375
450500
450625
450750
450875
451000
451125
451250
451375
451500
451625
451750
451875
452000
452125
452250
452375
452500
452625
452750
452875
453000
453125
453250
453375
453500
453625
453750
453875
454000
454125
454250
454375
454500
454625
454750
454875
455000
455125
455250
455375
455500
455625
455750
455875
456000
456125
456250
456375
456500
456625
456750
456875
457000
457125
457250
457375
457500
457625
457750
457875
458000
458125
458250
458375
458500
458625
458750
458875
459000
459125
459250
459375
459500
459625
459750
459875
460000
460125
460250
460375
460500
460625
460750
460875
461000
461125
461250
461375
461500
461625
461750
461875
462000
462125
462250
462375
462500
462625
462750
462875
463000
463125
463250
463375
463500
463625
463750
463875
464000
464125
464250
464375
464500
464625
464750
464875
465000
465125
465250
465375
465500
465625
465750
465875
466000
466125
466250
466375
466500
466625
466750
466875
467000
467125
467250
467375
467500
467625
467750
467875
468000
468125
468250
468375
468500
468625
468750
468875
469000
469125
469250
469375
469500
469625
469750
469875
470000
470125
470250
470375
470500
470625
470750
470875
471000
471125
471250
471375
471500
471625
471750
471875
472000
472125
472250
472375
472500
472625
472750
472875
473000
473125
473250
473375
473500
473625
473750
473875
474000
474125
474250
474375
474500
474625
474750
474875
475000
475125
475250
475375
475500
475625
475750
475875
476000
476125
476250
476375
476500
476625
476750
476875
477000
477125
477250
477375
477500
477625
477750
477875
478000
478125
478250
478375
478500
478625
478750
478875
479000
479125
479250
479375
479500
479625
479750
479875
480000
480125
480250
480375
480500
480625
480750
480875
481000
481125
481250
481375
481500
481625
481750
481875
482000
482125
482250
482375
482500
482625
482750
482875
483000
483125
483250
483375
483500
483625
483750
483875
484000
484125
484250
484375
484500
484625
484750
484875
485000
485125
485250
485375
485500
485625
485750
485875
486000
486125
486250
486375
486500
486625
486750
486875
487000
487125
487250
487375
487500
487625
487750
487875
488000
488125
488250
488375
488500
488625
488750
488875
489000
489125
489250
489375
489500
489625
489750
489875
490000
490125
490250
490375
490500
490625
490750
490875
491000
491125
491250
491375
491500
491625
491750
491875
492000
492125
492250
492375
492500
492625
492750
492875
493000
493125
493250
493375
493500
493625
493750
493875
494000
494125
494250
494375
494500
494625
494750
494875
495000
495125
495250
495375
495500
495625
495750
495875
496000
496125
496250
496375
496500
496625
496750
496875
497000
497125
497250
497375
497500
497625
497750
497875
498000
498125
498250
498375
498500
498625
498750
498875
499000
499125
499250
499375
499500
499625
499750
499875
500000
500125
500250
500375
500500
500625
500750
500875
501000
501125
501250
501375
501500
501625
501750
501875
502000
502125
502250
502375
502500
502625
502750
502875
503000
503125
503250
503375
503500
503625
503750
503875
504000
504125
504250
504375
504500
504625
504750
504875
505000
505125
505250
505375
505500
505625
505750
505875
506000
506125
506250
506375
506500
506625
506750
506875
507000
507125
507250
507375
507500
507625
507750
507875
508000
508125
508250
508375
508500
508625
508750
508875
509000
509125
509250
509375
509500
509625
509750
509875
510000
510125
510250
510375
510500
510625
510750
510875
511000
511125
511250
511375
511500
511625
511750
511875
512000
512125
512250
512375
512500
512625
512750
512875
513000
513125
513250
513375
513500
513625
513750
513875
514000
514125
514250
514375
514500
514625
514750
514875
515000
515125
515250
515375
515500
515625
515750
515875
516000
516125
516250
516375
516500
516625
516750
516875
517000
517125
517250
517375
517500
517625
517750
517875
518000
518125
518250
518375
518500
518625
518750
518875
519000
519125
519250
519375
519500
519625
519750
519875
520000
520125
520250
520375
520500
520625
520750
520875
521000
521125
521250
521375
521500
521625
521750
521875
522000
522125
522250
522375
522500
522625
522750
522875
523000
523125
523250
523375
523500
523625
523750
523875
524000
524125
524250
524375
524500
524625
524750
524875
525000
525125
525250
525375
525500
525625
525750
525875
526000
526125
526250
526375
526500
526625
526750
526875
527000
527125
527250
527375
527500
527625
527750
527875
528000
528125
528250
528375
528500
528625
528750
528875
529000
529125
529250
529375
529500
529625
529750
529875
530000
530125
530250
530375
530500
530625
530750
530875
531000
531125
531250
531375
531500
531625
531750
531875
532000
532125
532250
532375
532500
532625
532750
532875
533000
533125
533250
533375
533500
533625
533750
533875
534000
534125
534250
534375
534500
534625
534750
534875
535000
535125
535250
535375
535500
535625
535750
535875
536000
536125
536250
536375
536500
536625
536750
536875
537000
537125
537250
537375
537500
537625
537750
537875
538000
538125
538250
538375
538500
538625
538750
538875
539000
539125
539250
539375
539500
539625
539750
539875
540000
540125
540250
540375
540500
540625
540750
540875
541000
541125
541250
541375
541500
541625
541750
541875
542000
542125
542250
542375
542500
542625
542750
542875
543000
543125
543250
543375
543500
543625
543750
543875
544000
544125
544250
544375
544500
544625
544750
544875
545000
545125
545250
545375
545500
545625
545750
545875
546000
546125
546250
546375
546500
546625
546750
546875
547000
547125
547250
547375
547500
547625
547750
547875
548000
548125
548250
548375
548500
548625
548750
548875
549000
549125
549250
549375
549500
549625
549750
549875
550000
550125
550250
550375
550500
550625
550750
550875
551000
551125
551250
551375
551500
551625
551750
551875
552000
552125
552250
552375
552500
552625
552750
552875
553000
553125
553250
553375
553500
553625
553750
553875
554000
554125
554250
554375
554500
554625
554750
554875
555000
555125
555250
555375
555500
555625
555750
555875
556000
556125
556250
556375
556500
556625
556750
556875
557000
557125
557250
557375
557500
557625
557750
557875
558000
558125
558250
558375
558500
558625
558750
558875
559000
559125
559250
559375
559500
559625
559750
559875
560000
560125
560250
560375
560500
560625
560750
560875
561000
561125
561250
561375
561500
561625
561750
561875
562000
562125
562250
562375
562500
562625
562750
562875
563000
563125
563250
563375
563500
563625
563750
563875
564000
564125
564250
564375
564500
564625
564750
564875
565000
565125
565250
565375
565500
565625
565750
565875
566000
566125
566250
566375
566500
566625
566750
566875
567000
567125
567250
567375
567500
567625
567750
567875
568000
568125
568250
568375
568500
568625
568750
568875
569000
569125
569250
569375
569500
569625
569750
569875
570000
570125
570250
570375
570500
570625
570750
570875
571000
571125
571250
571375
571500
571625
571750
571875
572000
572125
572250
572375
572500
572625
572750
572875
573000
573125
573250
573375
573500
573625
573750
573875
574000
574125
574250
574375
574500
574625
574750
574875
575000
575125
575250
575375
575500
575625
575750
575875
576000
576125
576250
576375
576500
576625
576750
576875
577000
577125
577250
577375
577500
577625
577750
577875
578000
578125
578250
578375
578500
578625
578750
578875
579000
579125
579250
579375
579500
579625
579750
579875
580000
580125
580250
580375
580500
580625
580750
580875
581000
581125
581250
581375
581500
581625
581750
581875
582000
582125
582250
582375
582500
582625
582750
582875
583000
583125
583250
583375
583500
583625
583750
583875
584000
584125
584250
584375
584500
584625
584750
584875
585000
585125
585250
585375
585500
585625
585750
585875
586000
586125
586250
586375
586500
586625
586750
586875
587000
587125
587250
587375
587500
587625
587750
587875
588000
588125
588250
588375
588500
588625
588750
588875
589000
589125
589250
589375
589500
589625
589750
589875
590000
590125
590250
590375
590500
590625
590750
590875
591000
591125
591250
591375
591500
591625
591750
591875
592000
592125
592250
592375
592500
592625
592750
592875
593000
593125
593250
593375
593500
593625
593750
593875
594000
594125
594250
594375
594500
594625
594750
594875
595000
595125
595250
595375
595500
595625
595750
595875
596000
596125
596250
596375
596500
596625
596750
596875
597000
597125
597250
597375
597500
597625
597750
597875
598000
598125
598250
598375
598500
598625
598750
598875
599000
599125
599250
599375
599500
599625
599750
599875
600000
600125
600250
600375
600500
600625
600750
600875
601000
601125
601250
601375
601500
601625
601750
601875
602000
602125
602250
602375
602500
602625
602750
602875
603000
603125
603250
603375
603500
603625
603750
603875
604000
604125
604250
604375
604500
604625
604750
604875
605000
605125
605250
605375
605500
605625
605750
605875
606000
606125
606250
606375
606500
606625
606750
606875
607000
607125
607250
607375
607500
607625
607750
607875
608000
608125
608250
608375
608500
608625
608750
608875
609000
609125
609250
609375
609500
609625
609750
609875
610000
610125
610250
610375
610500
610625
610750
610875
611000
611125
611250
611375
611500
611625
611750
611875
612000
612125
612250
612375
612500
612625
612750
612875
613000
613125
613250
613375
613500
613625
613750
613875
614000
614125
614250
614375
614500
614625
614750
614875
615000
615125
615250
615375
615500
615625
615750
615875
616000
616125
616250
616375
616500
616625
616750
616875
617000
617125
617250
617375
617500
617625
617750
617875
618000
618125
618250
618375
618500
618625
618750
618875
619000
619125
619250
619375
619500
619625
619750
619875
620000
620125
620250
620375
620500
620625
620750
620875
621000
621125
621250
621375
621500
621625
621750
621875
622000
622125
622250
622375
622500
622625
622750
622875
623000
623125
623250
623375
623500
623625
623750
623875
624000
624125
624250
624375
624500
624625
624750
624875
625000
625125
625250
625375
625500
625625
625750
625875
626000
626125
626250
626375
626500
626625
626750
626875
627000
627125
627250
627375
627500
627625
627750
627875
628000
628125
628250
628375
628500
628625
628750
628875
629000
629125
629250
629375
629500
629625
629750
629875
630000
630125
630250
630375
630500
630625
630750
630875
631000
631125
631250
631375
631500
631625
631750
631875
632000
632125
632250
632375
632500
632625
632750
632875
633000
633125
633250
633375
633500
633625
633750
633875
634000
634125
634250
634375
634500
634625
634750
634875
635000
635125
635250
635375
635500
635625
635750
635875
636000
636125
636250
636375
636500
636625
636750
636875
637000
637125
637250
637375
637500
637625
637750
637875
638000
638125
638250
638375
638500
638625
638750
638875
639000
639125
639250
639375
639500
639625
639750
639875
640000
640125
640250
640375
640500
640625
640750
640875
641000
641125
641250
641375
641500
641625
641750
641875
642000
642125
642250
642375
642500
642625
642750
642875
643000
643125
643250
643375
643500
643625
643750
643875
644000
644125
644250
644375
644500
644625
644750
644875
645000
645125
645250
645375
645500
645625
645750
645875
646000
646125
646250
646375
646500
646625
646750
646875
647000
647125
647250
647375
647500
647625
647750
647875
648000
648125
648250
648375
648500
648625
648750
648875
649000
649125
649250
649375
649500
649625
649750
649875
650000
650125
650250
650375
650500
650625
650750
650875
651000
651125
651250
651375
651500
651625
651750
651875
652000
652125
652250
652375
652500
652625
652750
652875
653000
653125
653250
653375
653500
653625
653750
653875
654000
654125
654250
654375
654500
654625
654750
654875
655000
655125
655250
655375
655500
655625
655750
655875
656000
656125
656250
656375
656500
656625
656750
656875
657000
657125
657250
657375
657500
657625
657750
657875
658000
658125
658250
658375
658500
658625
658750
658875
659000
659125
659250
659375
659500
659625
659750
659875
660000
660125
660250
660375
660500
660625
660750
660875
661000
661125
661250
661375
661500
661625
661750
661875
662000
662125
662250
662375
662500
662625
662750
662875
663000
663125
663250
663375
663500
663625
663750
663875
664000
664125
664250
664375
664500
664625
664750
664875
665000
665125
665250
665375
665500
665625
665750
665875
666000
666125
666250
666375
666500
666625
666750
666875
667000
667125
667250
667375
667500
667625
667750
667875
668000
668125
668250
668375
668500
668625
668750
668875
669000
669125
669250
669375
669500
669625
669750
669875
670000
670125
670250
670375
670500
670625
670750
670875
671000
671125
671250
671375
671500
671625
671750
671875
672000
672125
672250
672375
672500
672625
672750
672875
673000
673125
673250
673375
673500
673625
673750
673875
674000
674125
674250
674375
674500
674625
674750
674875
675000
675125
675250
675375
675500
675625
675750
675875
676000
676125
676250
676375
676500
676625
676750
676875
677000
677125
677250
677375
677500
677625
677750
677875
678000
678125
678250
678375
678500
678625
678750
678875
679000
679125
679250
679375
679500
679625
679750
679875
680000
680125
680250
680375
680500
680625
680750
680875
681000
681125
681250
681375
681500
681625
681750
681875
682000
682125
682250
682375
682500
682625
682750
682875
683000
683125
683250
683375
683500
683625
683750
683875
684000
684125
684250
684375
684500
684625
684750
684875
685000
685125
685250
685375
685500
685625
685750
685875
686000
686125
686250
686375
686500
686625
686750
686875
687000
687125
687250
687375
687500
687625
687750
687875
688000
688125
688250
688375
688500
688625
688750
688875
689000
689125
689250
689375
689500
689625
689750
689875
690000
690125
690250
690375
690500
690625
690750
690875
691000
691125
691250
691375
691500
691625
691750
691875
692000
692125
692250
692375
692500
692625
692750
692875
693000
693125
693250
693375
693500
693625
693750
693875
694000
694125
694250
694375
694500
694625
694750
694875
695000
695125
695250
695375
695500
695625
695750
695875
696000
696125
696250
696375
696500
696625
696750
696875
697000
697125
697250
697375
697500
697625
697750
697875
698000
698125
698250
698375
698500
698625
698750
698875
699000
699125
699250
699375
699500
699625
699750
699875
700000
700125
700250
700375
700500
700625
700750
700875
701000
701125
701250
701375
701500
701625
701750
701875
702000
702125
702250
702375
702500
702625
702750
702875
703000
703125
703250
703375
703500
703625
703750
703875
704000
704125
704250
704375
704500
704625
704750
704875
705000
705125
705250
705375
705500
705625
705750
705875
706000
706125
706250
706375
706500
706625
706750
706875
707000
707125
707250
707375
707500
707625
707750
707875
708000
708125
708250
708375
708500
708625
708750
708875
709000
709125
709250
709375
709500
709625
709750
709875
710000
710125
710250
710375
710500
710625
710750
710875
711000
711125
711250
711375
711500
711625
711750
711875
712000
712125
712250
712375
712500
712625
712750
712875
713000
713125
713250
713375
713500
713625
713750
713875
714000
714125
714250
714375
714500
714625
714750
714875
715000
715125
715250
715375
715500
715625
715750
715875
716000
716125
716250
716375
716500
716625
716750
716875
717000
717125
717250
717375
717500
717625
717750
717875
718000
718125
718250
718375
718500
718625
718750
718875
719000
719125
719250
719375
719500
719625
719750
719875
720000
720125
720250
720375
720500
720625
720750
720875
721000
721125
721250
721375
721500
721625
721750
721875
722000
722125
722250
722375
722500
722625
722750
722875
723000
723125
723250
723375
723500
723625
723750
723875
724000
724125
724250
724375
724500
724625
724750
724875
725000
725125
725250
725375
725500
725625
725750
725875
726000
726125
726250
726375
726500
726625
726750
726875
727000
727125
727250
727375
727500
727625
727750
727875
728000
728125
728250
728375
728500
728625
728750
728875
729000
729125
729250
729375
729500
729625
729750
729875
730000
730125
730250
730375
730500
730625
730750
730875
731000
731125
731250
731375
731500
731625
731750
731875
732000
732125
732250
732375
732500
732625
732750
732875
733000
733125
733250
733375
733500
733625
733750
733875
734000
734125
734250
734375
734500
734625
734750
734875
735000
735125
735250
735375
735500
735625
735750
735875
736000
736125
736250
736375
736500
736625
736750
736875
737000
737125
737250
737375
737500
737625
737750
737875
738000
738125
738250
738375
738500
738625
738750
738875
739000
739125
739250
739375
739500
739625
739750
739875
740000
740125
740250
740375
740500
740625
740750
740875
741000
741125
741250
741375
741500
741625
741750
741875
742000
742125
742250
742375
742500
742625
742750
742875
743000
743125
743250
743375
743500
743625
743750
743875
744000
744125
744250
744375
744500
744625
744750
744875
745000
745125
745250
745375
745500
745625
745750
745875
746000
746125
746250
746375
746500
746625
746750
746875
747000
747125
747250
747375
747500
747625
747750
747875
748000
748125
748250
748375
748500
748625
748750
748875
749000
749125
749250
749375
749500
749625
749750
749875
750000
750125
750250
750375
750500
750625
750750
750875
751000
751125
751250
751375
751500
751625
751750
751875
752000
752125
752250
752375
752500
752625
752750
752875
753000
753125
753250
753375
753500
753625
753750
753875
754000
754125
754250
754375
754500
754625
754750
754875
755000
755125
755250
755375
755500
755625
755750
755875
756000
756125
756250
756375
756500
756625
756750
756875
757000
757125
757250
757375
757500
757625
757750
757875
758000
758125
758250
758375
758500
758625
758750
758875
759000
759125
759250
759375
759500
759625
759750
759875
760000
760125
760250
760375
760500
760625
760750
760875
761000
761125
761250
761375
761500
761625
761750
761875
762000
762125
762250
762375
762500
762625
762750
762875
763000
763125
763250
763375
763500
763625
763750
763875
764000
764125
764250
764375
764500
764625
764750
764875
765000
765125
765250
765375
765500
765625
765750
765875
766000
766125
766250
766375
766500
766625
766750
766875
767000
767125
767250
767375
767500
767625
767750
767875
768000
768125
768250
768375
768500
768625
768750
768875
769000
769125
769250
769375
769500
769625
769750
769875
770000
770125
770250
770375
770500
770625
770750
770875
771000
771125
771250
771375
771500
771625
771750
771875
772000
772125
772250
772375
772500
772625
772750
772875
773000
773125
773250
773375
773500
773625
773750
773875
774000
774125
774250
774375
774500
774625
774750
774875
775000
775125
775250
775375
775500
775625
775750
775875
776000
776125
776250
776375
776500
776625
776750
776875
777000
777125
777250
777375
777500
777625
777750
777875
778000
778125
778250
778375
778500
778625
778750
778875
779000
779125
779250
779375
779500
779625
779750
779875
780000
780125
780250
780375
780500
780625
780750
780875
781000
781125
781250
781375
781500
781625
781750
781875
782000
782125
782250
782375
782500
782625
782750
782875
783000
783125
783250
783375
783500
783625
783750
783875
784000
784125
784250
784375
784500
784625
784750
784875
785000
785125
785250
785375
785500
785625
785750
785875
786000
786125
786250
786375
786500
786625
786750
786875
787000
787125
787250
787375
787500
787625
787750
787875
788000
788125
788250
788375
788500
788625
788750
788875
789000
789125
789250
789375
789500
789625
789750
789875
790000
790125
790250
790375
790500
790625
790750
790875
791000
791125
791250
791375
791500
791625
791750
791875
792000
792125
792250
792375
792500
792625
792750
792875
793000
793125
793250
793375
793500
793625
793750
793875
794000
794125
794250
794375
794500
794625
794750
794875
795000
795125
795250
795375
795500
795625
795750
795875
796000
796125
796250
796375
796500
796625
796750
796875
797000
797125
797250
797375
797500
797625
797750
797875
798000
798125
798250
798375
798500
798625
798750
798875
799000
799125
799250
799375
799500
799625
799750
799875
800000
800125
800250
800375
800500
800625
800750
800875
801000
801125
801250
801375
801500
801625
801750
801875
802000
802125
802250
802375
802500
802625
802750
802875
803000
803125
803250
803375
803500
803625
803750
803875
804000
804125
804250
804375
804500
804625
804750
804875
805000
805125
805250
805375
805500
805625
805750
805875
806000
806125
806250
806375
806500
806625
806750
806875
807000
807125
807250
807375
807500
807625
807750
807875
808000
808125
808250
808375
808500
808625
808750
808875
809000
809125
809250
809375
809500
809625
809750
809875
810000
810125
810250
810375
810500
810625
810750
810875
811000
811125
811250
811375
811500
811625
811750
811875
812000
812125
812250
812375
812500
812625
812750
812875
813000
813125
813250
813375
813500
813625
813750
813875
814000
814125
814250
814375
814500
814625
814750
814875
815000
815125
815250
815375
815500
815625
815750
815875
816000
816125
816250
816375
816500
816625
816750
816875
817000
817125
817250
817375
817500
817625
817750
817875
818000
818125
818250
818375
818500
818625
818750
818875
819000
819125
819250
819375
819500
819625
819750
819875
820000
820125
820250
820375
820500
820625
820750
820875
821000
821125
821250
821375
821500
821625
821750
821875
822000
822125
822250
822375
822500
822625
822750
822875
823000
823125
823250
823375
823500
823625
823750
823875
824000
824125
824250
824375
824500
824625
824750
824875
825000
825125
825250
825375
825500
825625
825750
825875
826000
826125
826250
826375
826500
826625
826750
826875
827000
827125
827250
827375
827500
827625
827750
827875
828000
828125
828250
828375
828500
828625
828750
828875
829000
829125
829250
829375
829500
829625
829750
829875
830000
830125
830250
830375
830500
830625
830750
830875
831000
831125
831250
831375
831500
831625
831750
831875
832000
832125
832250
832375
832500
832625
832750
832875
833000
833125
833250
833375
833500
833625
833750
833875
834000
834125
834250
834375
834500
834625
834750
834875
835000
835125
835250
835375
835500
835625
835750
835875
836000
836125
836250
836375
836500
836625
836750
836875
837000
837125
837250
837375
837500
837625
837750
837875
838000
838125
838250
838375
838500
838625
838750
838875
839000
839125
839250
839375
839500
839625
839750
839875
840000
840125
840250
840375
840500
840625
840750
840875
841000
841125
841250
841375
841500
841625
841750
841875
842000
842125
842250
842375
842500
842625
842750
842875
843000
843125
843250
843375
843500
843625
843750
843875
844000
844125
844250
844375
844500
844625
844750
844875
845000
845125
845250
845375
845500
845625
845750
845875
846000
846125
846250
846375
846500
846625
846750
846875
847000
847125
847250
847375
847500
847625
847750
847875
848000
848125
848250
848375
848500
848625
848750
848875
849000
849125
849250
849375
849500
849625
849750
849875
850000
850125
850250
850375
850500
850625
850750
850875
851000
851125
851250
851375
851500
851625
851750
851875
852000
852125
852250
852375
852500
852625
852750
852875
853000
853125
853250
853375
853500
853625
853750
853875
854000
854125
854250
854375
854500
854625
854750
854875
855000
855125
855250
855375
855500
855625
855750
855875
856000
856125
856250
856375
856500
856625
856750
856875
857000
857125
857250
857375
857500
857625
857750
857875
858000
858125
858250
858375
858500
858625
858750
858875
859000
859125
859250
859375
859500
859625
859750
859875
860000
860125
860250
860375
860500
860625
860750
860875
861000
861125
861250
861375
861500
861625
861750
861875
862000
862125
862250
862375
862500
862625
862750
862875
863000
863125
863250
863375
863500
863625
863750
863875
864000
864125
864250
864375
864500
864625
864750
864875
865000
865125
865250
865375
865500
865625
865750
865875
866000
866125
866250
866375
866500
866625
866750
866875
867000
867125
867250
867375
867500
867625
867750
867875
868000
868125
868250
868375
868500
868625
868750
868875
869000
869125
869250
869375
869500
869625
869750
869875
870000
870125
870250
870375
870500
870625
870750
870875
871000
871125
871250
871375
871500
871625
871750
871875
872000
872125
872250
872375
872500
872625
872750
872875
873000
873125
873250
873375
873500
873625
873750
873875
874000
874125
874250
874375
874500
874625
874750
874875
875000
875125
875250
875375
875500
875625
875750
875875
876000
876125
876250
876375
876500
876625
876750
876875
877000
877125
877250
877375
877500
877625
877750
877875
878000
878125
878250
878375
878500
878625
878750
878875
879000
879125
879250
879375
879500
879625
879750
879875
880000
880125
880250
880375
880500
880625
880750
880875
881000
881125
881250
881375
881500
881625
881750
881875
882000
882125
882250
882375
882500
882625
882750
882875
883000
883125
883250
883375
883500
883625
883750
883875
884000
884125
884250
884375
884500
884625
884750
884875
885000
885125
885250
885375
885500
885625
885750
885875
886000
886125
886250
886375
886500
886625
886750
886875
887000
887125
887250
887375
887500
887625
887750
887875
888000
888125
888250
888375
888500
888625
888750
888875
889000
889125
889250
889375
889500
889625
889750
889875
890000
890125
890250
890375
890500
890625
890750
890875
891000
891125
891250
891375
891500
891625
891750
891875
892000
892125
892250
892375
892500
892625
892750
892875
893000
893125
893250
893375
893500
893625
893750
893875
894000
894125
894250
894375
894500
894625
894750
894875
895000
895125
895250
895375
895500
895625
895750
895875
896000
896125
896250
896375
896500
896625
896750
896875
897000
897125
897250
897375
897500
897625
897750
897875
898000
898125
898250
898375
898500
898625
898750
898875
899000
899125
899250
899375
899500
899625
899750
899875
900000
900125
900250
900375
900500
900625
900750
900875
901000
901125
901250
901375
901500
901625
901750
901875
902000
902125
902250
902375
902500
902625
902750
902875
903000
903125
903250
903375
903500
903625
903750
903875
904000
904125
904250
904375
904500
904625
904750
904875
905000
905125
905250
905375
905500
905625
905750
905875
906000
906125
906250
906375
906500
906625
906750
906875
907000
907125
907250
907375
907500
907625
907750
907875
908000
908125
908250
908375
908500
908625
908750
908875
909000
909125
909250
909375
909500
909625
909750
909875
910000
910125
910250
910375
910500
910625
910750
910875
911000
911125
911250
911375
911500
911625
911750
911875
912000
912125
912250
912375
912500
912625
912750
912875
913000
913125
913250
913375
913500
913625
913750
913875
914000
914125
914250
914375
914500
914625
914750
914875
915000
915125
915250
915375
915500
915625
915750
915875
916000
916125
916250
916375
916500
916625
916750
916875
917000
917125
917250
917375
917500
917625
917750
917875
918000
918125
918250
918375
918500
918625
918750
918875
919000
919125
919250
919375
919500
919625
919750
919875
920000
920125
920250
920375
920500
920625
920750
920875
921000
921125
921250
921375
921500
921625
921750
921875
922000
922125
922250
922375
922500
922625
922750
922875
923000
923125
923250
923375
923500
923625
923750
923875
924000
924125
924250
924375
924500
924625
924750
924875
925000
925125
925250
925375
925500
925625
925750
925875
926000
926125
926250
926375
926500
926625
926750
926875
927000
927125
927250
927375
927500
927625
927750
927875
928000
928125
928250
928375
928500
928625
928750
928875
929000
929125
929250
929375
929500
929625
929750
929875
930000
930125
930250
930375
930500
930625
930750
930875
931000
931125
931250
931375
931500
931625
931750
931875
932000
932125
932250
932375
932500
932625
932750
932875
933000
933125
933250
933375
933500
933625
933750
933875
934000
934125
934250
934375
934500
934625
934750
934875
935000
935125
935250
935375
935500
935625
935750
935875
936000
936125
936250
936375
936500
936625
936750
936875
937000
937125
937250
937375
937500
937625
937750
937875
938000
938125
938250
938375
938500
938625
938750
938875
939000
939125
939250
939375
939500
939625
939750
939875
940000
940125
940250
940375
940500
940625
940750
940875
941000
941125
941250
941375
941500
941625
941750
941875
942000
942125
942250
942375
942500
942625
942750
942875
943000
943125
943250
943375
943500
943625
943750
943875
944000
944125
944250
944375
944500
944625
944750
944875
945000
945125
945250
945375
945500
945625
945750
945875
946000
946125
946250
946375
946500
946625
946750
946875
947000
947125
947250
947375
947500
947625
947750
947875
948000
948125
948250
948375
948500
948625
948750
948875
949000
949125
949250
949375
949500
949625
949750
949875
950000
950125
950250
950375
950500
950625
950750
950875
951000
951125
951250
951375
951500
951625
951750
951875
952000
952125
952250
952375
952500
952625
952750
952875
953000
953125
953250
953375
953500
953625
953750
953875
954000
954125
954250
954375
954500
954625
954750
954875
955000
955125
955250
955375
955500
955625
955750
955875
956000
956125
956250
956375
956500
956625
956750
956875
957000
957125
957250
957375
957500
957625
957750
957875
958000
958125
958250
958375
958500
958625
958750
958875
959000
959125
959250
959375
959500
959625
959750
959875
960000
960125
960250
960375
960500
960625
960750
960875
961000
961125
961250
961375
961500
961625
961750
961875
962000
962125
962250
962375
962500
962625
962750
962875
963000
963125
963250
963375
963500
963625
963750
963875
964000
964125
964250
964375
964500
964625
964750
964875
965000
965125
965250
965375
965500
965625
965750
965875
966000
966125
966250
966375
966500
966625
966750
966875
967000
967125
967250
967375
967500
967625
967750
967875
968000
968125
968250
968375
968500
968625
968750
968875
969000
969125
969250
969375
969500
969625
969750
969875
970000
970125
970250
970375
970500
970625
970750
970875
971000
971125
971250
971375
971500
971625
971750
971875
972000
972125
972250
972375
972500
972625
972750
972875
973000
973125
973250
973375
973500
973625
973750
973875
974000
974125
974250
974375
974500
974625
974750
974875
975000
975125
975250
975375
975500
975625
975750
975875
976000
976125
976250
976375
976500
976625
976750
976875
977000
977125
977250
977375
977500
977625
977750
977875
978000
978125
978250
978375
978500
978625
978750
978875
979000
979125
979250
979375
979500
979625
979750
979875
980000
980125
980250
980375
980500
980625
980750
980875
981000
981125
981250
981375
981500
981625
981750
981875
982000
982125
982250
982375
982500
982625
982750
982875
983000
983125
983250
983375
983500
983625
983750
983875
984000
984125
984250
984375
984500
984625
984750
984875
985000
985125
985250
985375
985500
985625
985750
985875
986000
986125
986250
986375
986500
986625
986750
986875
987000
987125
987250
987375
987500
987625
987750
987875
988000
988125
988250
988375
988500
988625
988750
988875
989000
989125
989250
989375
989500
989625
989750
989875
990000
990125
990250
990375
990500
990625
990750
990875
991000
991125
991250
991375
991500
991625
991750
991875
992000
992125
992250
992375
992500
992625
992750
992875
993000
993125
993250
993375
993500
993625
993750
993875
994000
994125
994250
994375
994500
994625
994750
994875
995000
995125
995250
995375
995500
995625
995750
995875
996000
996125
996250
996375
996500
996625
996750
996875
997000
997125
997250
997375
997500
997625
997750
997875
998000
998125
998250
998375
998500
998625
998750
998875
999000
999125
999250
999375
999500
999625
999750
999875
